32.8656 1.8994 1.3287 12.9081 45.9708
36.7381 1.7243 0.0826 11.5877 48.6015
31.5048 1.8306 0.0817 11.5686 43.3552
30.0548 2.1630 0.1046 11.7277 42.1232
33.1791 1.6297 0.1156 10.8782 44.3570
28.9626 2.0576 0.0903 11.3265 40.5842
31.5860 2.1563 0.1170 11.6121 43.7050
28.8889 2.1037 0.1272 11.6604 40.8279
30.2116 3.8695 0.1604 13.4521 44.0300
29.1365 2.4115 0.1780 11.7702 41.1932
27.1212 2.0944 0.1097 11.3457 38.7888
31.2535 1.9874 0.1023 11.5240 43.1225
28.9909 2.1460 0.0943 11.8758 41.1747
28.3587 2.3738 0.1263 11.8607 40.5395
29.3285 2.0553 0.0996 11.4581 41.1158
28.1221 2.1531 0.0704 11.9372 40.3458
27.2976 1.7574 0.1005 10.9642 38.6147
28.2770 2.2500 0.0756 11.9656 40.5956
34.2105 1.7782 0.0977 11.0340 45.5454
33.1873 1.6469 0.0967 10.9146 44.4170
33.1280 1.7278 0.0978 11.1107 44.4975
31.7892 1.9320 0.0631 11.1966 43.2270
32.6645 1.7903 0.0881 10.7957 43.7277
36.8803 1.9471 0.0708 12.1026 49.2848
33.2850 1.7749 0.0870 10.8447 44.4431
33.5645 1.6232 0.0660 10.9302 44.7915
29.5081 2.0320 0.0907 11.3333 41.1400
29.5503 2.0899 0.0660 11.7522 41.5343
33.6075 1.8449 0.0726 11.2767 45.1331
30.1539 2.0924 0.1004 11.4544 41.8684
29.2114 1.6398 0.1219 10.9854 40.5557
32.4879 2.1519 0.0690 12.1126 44.8547
30.0527 1.8889 0.0779 11.1538 41.5128
31.9794 1.7092 0.0781 10.9620 43.2490
30.4259 1.8743 0.0887 11.0421 41.7400
29.8491 1.7981 0.1111 10.9852 41.1513
33.1534 1.5493 0.1124 10.6047 44.0084
33.9379 1.4993 0.0654 10.4490 44.7213
35.4915 1.8849 0.0681 11.1760 46.9479
30.7196 2.0018 0.0761 12.5800 43.7212
34.6713 1.8965 0.0812 11.3645 46.3421
36.2245 1.8165 0.0658 10.9106 47.3911
36.5252 2.1889 0.0753 11.4560 48.3639
35.3513 1.6499 0.0673 11.5914 47.1935
36.7781 1.8887 0.1536 11.1852 48.3221
38.2793 1.9583 0.0754 11.3824 50.0444
33.5687 1.7752 0.0887 11.5865 45.3670
33.2361 1.7407 0.0704 10.8560 44.4863
31.4773 1.6366 0.0478 10.7591 42.5118
36.7873 1.6145 0.0622 10.8260 47.8527
36.3772 1.7993 0.0522 11.0101 47.6875
36.7887 1.6396 0.0892 11.3943 48.4630
31.4708 2.1024 0.0644 11.3701 43.1711
31.7765 2.1287 0.0757 12.3464 44.4365
33.5928 1.7010 0.0504 11.2262 45.1207
27.3497 1.9368 0.0708 10.9924 38.6045
32.2333 1.6873 0.0757 11.2047 43.7491
28.0408 1.5435 0.1184 10.5111 38.8672
31.2013 2.1141 0.0752 11.3654 42.8832
27.3109 2.4641 0.0762 11.9527 39.4780
27.5354 2.2895 0.0817 12.3735 40.1804
31.9429 1.6211 0.1138 10.9470 43.1637
27.2628 2.2841 0.0856 12.0986 39.6945
30.0087 2.1025 0.0921 11.6620 41.9868
27.1994 2.2472 0.0964 11.7788 39.2786
27.4910 2.2329 0.0500 12.0248 39.8228
28.6000 2.1276 0.1218 11.7854 40.6988
27.8356 2.1693 0.1202 11.7612 39.9125
28.9598 2.0830 0.1009 11.3325 40.5622
27.1195 2.2479 0.0584 11.7150 39.1090
27.1434 2.3399 0.0758 12.0833 39.6522
28.9565 2.2500 0.0775 11.7751 41.0341
27.1894 1.4529 0.0917 11.1314 38.6312
30.7714 1.6560 0.0466 10.6407 41.6496
26.6450 2.4070 0.0601 12.1561 39.0783
26.9215 3.2819 0.0702 13.0821 40.3140
27.1653 2.2530 0.0520 11.9477 39.3812
27.1659 2.5351 0.0599 12.3905 39.8815
28.0700 1.7460 0.0673 11.2763 39.6790
26.7926 1.9547 0.0526 11.1439 38.2198
26.7127 2.5733 0.1076 12.4361 39.4366
27.6742 2.3155 0.1100 12.1829 40.1723
27.4270 2.2982 0.0727 11.9152 39.6145
30.3192 2.0718 0.0988 12.5317 43.2144
26.2597 1.9593 0.0990 11.0505 37.5893
26.6973 2.3604 0.0846 12.0724 39.0588
26.8037 2.6116 0.0804 13.0809 40.1918
27.0935 2.3759 0.0728 12.1389 39.5285
27.0659 2.3658 0.0815 12.3056 39.6494
26.9528 2.4987 0.1023 12.3184 39.6311
26.5531 2.3285 0.0795 12.2474 39.0646
27.1965 2.5891 0.1031 13.1516 40.6125
26.6349 2.2639 0.0959 12.0474 38.9720
28.6234 2.1418 0.0805 11.8321 40.7686
26.3700 2.2462 0.0882 11.4103 38.0385
26.7691 2.2878 0.0609 11.6608 38.7678
26.6050 2.4333 0.0666 12.1313 38.9696
26.7431 2.3731 0.0568 12.0710 39.1017
26.8694 2.0358 0.0565 11.3925 38.4891
26.8684 2.1630 0.0853 11.8224 38.9880
26.5432 2.2568 0.0843 11.6355 38.5182
27.4171 2.5784 0.0930 12.2414 39.9749
26.8461 2.1253 0.0736 11.2292 38.3336
30.0500 2.1933 0.1528 12.2896 42.6615
26.5142 2.5049 0.0867 12.3150 39.1358
27.5834 2.5222 0.1320 13.3217 41.2406
28.2422 2.0304 0.0926 11.5511 40.0778
27.3532 2.4679 0.1466 11.9908 39.5865
29.0240 2.0915 0.1090 11.4155 40.6900
28.3159 1.6840 0.1238 11.0341 39.7458
27.1794 1.8006 0.1076 11.0769 38.5827
27.1234 2.3371 0.0964 12.1806 39.5682
27.6433 2.2147 0.0887 11.8915 39.9132
28.6969 2.7811 0.1110 12.7142 41.7515
27.4231 1.7217 0.1145 10.9457 38.7227
27.5212 1.9319 0.1186 11.6398 39.4730
27.5370 2.2031 0.1319 11.9460 39.7464
27.8108 1.8499 0.1068 10.9353 39.1366
27.3509 2.7587 0.1680 12.5860 40.2949
27.3762 2.3867 0.1509 13.3237 41.0584
27.0218 2.5933 0.1353 12.3814 39.7083
27.2095 2.4457 0.0830 11.9016 39.4125
26.5838 2.4464 0.1217 12.8693 39.6912
29.5996 2.1433 0.1161 11.3687 41.2049
27.0410 2.3822 0.1148 12.2047 39.5613
26.4709 2.3087 0.1138 12.0091 38.7805
27.0177 2.2406 0.1353 11.9228 39.2881
27.5412 2.1944 0.1687 11.8933 39.7610
26.3276 2.4850 0.1035 12.0998 38.7684
27.1280 2.3343 0.1178 11.8858 39.3186
27.2592 2.1757 0.1649 11.7466 39.3961
27.5614 2.4872 0.1110 12.2769 40.1788
27.4878 1.7551 0.1379 10.8329 38.5892
28.2019 2.4144 0.0880 12.2016 40.6959
27.1760 2.2367 0.1228 11.7413 39.1613
27.0053 2.2717 0.1047 11.8751 39.1657
31.8145 1.8717 0.1057 11.1544 43.3571
27.3065 2.4305 0.1218 12.1775 39.8020
27.0941 2.1115 0.1404 11.4863 38.8743
27.2204 2.2917 0.1473 11.9942 39.5990
27.2492 2.3059 0.1211 11.9688 39.5211
26.9779 2.3291 0.1258 12.1578 39.4168
27.7703 2.4043 0.1011 12.2034 40.2652
32.9057 1.8266 0.1372 11.0084 44.2546
26.8868 2.2462 0.1135 11.9998 39.2115
27.5033 2.4111 0.1066 12.3457 40.1628
27.5955 2.3875 0.1524 11.8802 39.8321
27.4248 1.7801 0.1090 11.2682 39.0428
29.2081 2.2796 0.0964 11.6089 41.0891
27.5599 2.3229 0.1034 11.8893 39.7995
27.2306 2.3074 0.1650 12.1818 39.7167
27.2049 2.4473 0.1314 12.2112 39.7850
27.4438 2.4731 0.1316 12.0933 39.8915
30.9766 2.1669 0.1284 11.5555 42.8875
27.1924 2.2745 0.1341 11.9784 39.4922
27.2713 2.3184 0.1482 11.9566 39.6275
27.7579 1.9586 0.1260 12.2230 40.3476
30.9911 2.2258 0.1401 11.3969 42.7445
28.1742 2.2017 0.1641 11.9563 40.4647
28.3538 2.0663 0.1495 11.9445 40.6625
30.5571 2.1083 0.1352 12.0907 42.9099
27.2630 2.4503 0.1801 12.9792 40.5795
27.9011 2.2092 0.1240 12.0302 40.2324
33.4173 1.8205 0.1385 11.1362 44.8827
30.7205 2.0360 0.1507 11.1458 42.2888
27.5441 2.2055 0.1330 11.9901 39.8222
27.7982 2.2200 0.1482 11.6612 39.7926
27.1599 1.9763 0.1792 12.4038 67.5443
27.6805 2.1976 0.1307 12.3883 40.4685
27.6071 2.2010 0.1142 12.0374 39.9555
27.5998 2.3871 0.1188 12.1027 40.0372
31.3483 1.9932 0.1235 11.2528 42.9604
28.1442 2.2660 0.1386 11.8558 40.3140
34.7747 1.8390 0.1528 10.9348 46.0593
31.3374 1.6823 0.1229 10.8265 42.4884
33.5479 1.8324 0.0955 11.0375 44.9224
26.9464 2.4169 0.1420 11.8391 39.1180
28.2726 2.1240 0.1346 11.4998 40.1121
30.9280 1.6418 0.1483 10.8447 42.0981
28.2254 1.8241 0.1256 11.0875 39.6435
40.2211 2.0329 0.2066 11.8868 52.5150
35.7012 1.7065 0.1253 11.1509 47.1608
36.7386 2.1299 0.1625 11.5797 48.6538
37.3792 1.7139 0.1195 10.7861 48.4678
32.3287 1.6705 0.1187 11.0526 43.6740
30.0760 1.6672 0.1398 12.4064 42.7326
35.6320 2.0901 0.1470 11.3942 47.4856
31.2855 2.0100 0.1114 11.0727 42.6943
33.0355 1.8158 0.0821 10.9931 44.3251
29.0800 1.7668 0.0864 11.3564 40.7327
28.4550 1.9184 0.0869 11.6966 40.4390
27.9211 2.2684 0.1209 12.3113 40.5323
28.1781 2.1282 0.1023 11.5632 40.0527
30.1021 3.1636 0.1752 12.7857 43.2582
33.7421 1.9052 0.1117 11.4716 45.6220
31.8128 2.2549 0.1247 11.8442 43.9844
29.7670 2.1477 0.1123 11.4663 41.5525
34.8442 1.8857 0.1123 11.9222 47.0912
35.3744 2.0931 0.1048 11.4635 47.1438
34.8862 1.7166 0.0936 10.8565 46.0370
28.8386 2.1151 0.1164 11.6717 40.8590
28.6937 2.1798 0.1063 11.8710 40.8779
28.5998 1.8953 0.1717 11.0973 39.9514
28.2429 2.4621 0.1188 12.2465 40.8089
28.8234 2.3512 0.1452 12.5011 41.6804
28.7191 1.7328 0.1528 11.8666 40.9518
28.4863 2.1735 0.1392 13.2783 42.0847
27.8441 2.1498 0.1188 11.8680 40.0309
27.7496 2.1564 0.1058 13.3096 41.3096
28.1886 1.9105 0.1322 11.3763 39.9098
28.0064 1.8719 0.1267 11.5699 39.8725
29.6050 1.7412 0.0897 11.1264 41.0613
32.0125 1.9079 0.1094 11.6255 44.0110
28.3838 1.8602 0.1124 11.8392 40.5192
32.1717 1.9815 0.1038 11.6793 44.2244
28.4819 1.9866 0.1055 11.6020 40.4671
27.6642 2.1440 0.1573 12.7714 40.8469
27.7415 2.4198 0.1487 12.1690 40.2466
28.8093 2.1882 0.1269 11.8679 41.0992
27.9043 2.4365 0.1203 12.2122 40.4246
28.0361 2.1601 0.1160 11.9551 40.2588
29.4073 2.2545 0.1216 12.2923 42.0884
31.1791 2.0062 0.1042 11.2383 42.6973
30.5843 2.2369 0.1065 11.8705 42.8980
29.0199 2.6578 0.1511 13.3613 42.7833
32.9458 1.8455 0.1295 11.1844 44.4304
30.8171 1.8041 0.1358 11.0790 42.1537
32.0358 2.0097 0.1271 12.1060 44.4626
29.6550 2.3273 0.1096 12.0755 42.0373
32.4245 1.9370 0.0937 11.1526 43.9335
32.4693 1.7835 0.1570 10.8446 43.7165
27.3245 2.2433 0.1111 11.7218 39.3823
27.4061 1.7694 0.1390 11.9212 39.6160
30.1238 2.3307 0.1511 11.6547 42.1277
27.2064 2.1610 0.1231 11.3193 38.7919
28.0892 1.7692 0.0965 10.8175 39.1910
27.9833 3.7309 0.1734 13.0479 41.3096
28.2665 2.2736 0.1099 11.9582 40.5812
31.6223 2.1304 0.0943 11.6712 43.6771
28.2350 2.2243 0.1399 12.1699 40.7866
31.8535 1.7968 0.1072 11.9034 44.1006
31.1552 2.1874 0.1485 11.9610 43.5264
32.5664 2.1437 0.1089 11.5877 44.4859
34.3111 1.8108 0.0892 11.5147 46.1796
33.5008 2.1646 0.1137 13.1783 47.0291
27.5924 2.5550 0.1524 12.7334 72.1960
32.0734 1.9178 0.1099 11.2703 43.7029
28.3164 2.1452 0.1448 11.6396 40.3091
28.5144 2.4399 0.1308 12.2002 40.9621
28.7277 2.3070 0.1711 13.0085 42.0743
28.1160 1.7964 0.1379 10.9187 39.3318
31.9914 2.0759 0.0932 11.3387 43.5734
28.9412 2.2627 0.1422 12.0169 41.2775
28.0611 1.9141 0.1092 11.7432 40.1491
27.5881 1.9798 0.1326 12.0465 39.9248
31.8802 2.3327 0.1353 12.1097 44.3886
32.5764 1.9333 0.0936 11.5475 44.4071
33.0507 1.7231 0.0994 10.7277 44.0740
31.9505 1.7875 0.1453 11.1048 43.3952
33.2461 2.0850 0.1027 11.4004 44.9474
28.6631 2.1235 0.1280 11.7609 40.7200
27.8981 2.5677 0.1336 12.4878 40.7383
28.4065 2.2835 0.0905 11.6016 40.3319
28.0334 1.8675 0.0940 11.0648 39.3518
27.4832 2.6228 0.0977 12.3647 40.1563
27.8596 1.8140 0.1500 11.0527 39.2316
27.4251 2.3112 0.1912 12.7474 40.5505
27.8004 2.6449 0.1455 12.5726 40.6646
29.6233 1.7651 0.1506 11.1722 41.1169
27.3175 2.4216 0.1784 12.3402 40.0533
26.8984 2.5091 0.1365 12.2280 39.4312
31.4975 1.8142 0.1196 11.0405 42.9219
28.0148 1.7795 0.1640 11.8844 40.2155
27.7433 2.5628 0.2057 12.3626 40.4409
27.6487 2.6711 0.2330 12.6351 40.6274
27.7941 2.4477 0.2201 12.5275 40.5738
27.1135 2.2671 0.1487 11.4114 38.7731
27.5342 2.7043 0.3585 12.8161 40.6672
27.7523 2.4251 0.2032 12.2027 40.2211
29.7824 2.0636 0.1674 11.4244 41.5475
27.9557 2.9398 0.2430 12.9133 41.1952
31.8297 2.1300 0.2266 11.6985 43.8325
30.4899 2.3887 0.2001 11.7765 42.6188
28.2724 2.5763 0.2141 12.4066 41.0138
27.1835 2.8026 0.1955 12.8196 40.3546
27.8055 2.6912 0.2959 12.4268 40.5088
28.9944 2.3023 0.2200 12.0233 41.3509
28.6999 1.8668 0.2837 11.0999 40.2020
27.9809 2.6579 0.2051 12.5420 40.7663
27.8477 2.5788 0.2399 13.4338 41.6643
26.7725 2.3053 0.1912 11.7383 38.8607
27.3709 2.6629 0.2023 13.5138 41.1649
27.4898 2.1588 0.1083 11.4950 39.2438
27.4177 2.5727 0.1971 12.5006 40.1282
27.4823 2.5516 0.1825 12.2279 39.9589
26.8166 2.4202 0.1517 11.9317 39.0886
27.3459 1.8053 0.1450 11.8550 39.4576
28.1259 2.3862 0.1443 12.1639 40.5640
28.4020 2.4528 0.1817 11.9678 40.6512
27.8397 2.5143 0.1499 12.2761 40.3608
27.6694 2.5601 0.1922 13.3755 41.3040
27.9504 2.4328 0.1651 12.4154 40.7265
30.4987 2.3604 0.2684 11.6361 42.3618
25.6428 2.0876 0.1850 12.2969 38.3162
27.6172 2.6432 0.1436 12.6581 40.5341
28.0734 2.6116 0.1961 12.4282 40.8580
28.0759 2.5628 0.1699 12.7324 41.0253
28.1980 2.3624 0.1549 11.9602 40.4713
27.7716 2.3985 0.1480 12.4091 40.4549
28.4654 1.8253 0.1566 11.0410 39.6863
29.4477 2.0572 0.1602 11.2645 41.0425
30.1201 2.1566 0.2312 11.9147 42.3679
31.2152 2.2340 0.2284 12.2138 43.7326
28.5900 2.5553 0.1679 12.2504 41.1466
28.1906 2.3540 0.1583 12.8964 41.4178
28.2053 2.7548 0.1782 12.3618 40.8592
27.6776 2.8155 0.1564 12.5799 40.5487
27.9283 2.2233 0.1504 11.4167 39.6541
27.6062 2.7232 0.1379 12.7129 40.5636
30.5781 2.0846 0.1454 11.5066 42.3907
28.7055 2.5759 0.2222 12.5330 41.5537
31.9737 1.8387 0.1417 10.9621 43.2089
29.5462 1.7905 0.1432 11.9319 41.7336
29.3453 2.4637 0.1659 13.0432 42.8523
27.9318 2.7247 0.1846 13.2976 41.4705
28.7400 2.4743 0.2091 11.8985 40.9620
29.1247 1.8955 0.2003 12.1948 41.5657
28.6720 2.5183 0.2226 13.1303 42.1822
28.1173 2.8322 0.2225 12.6876 41.0647
28.9726 1.9304 0.1566 12.0433 41.2677
29.8144 2.2583 0.2562 11.7306 41.8328
28.6049 2.2074 0.2726 12.4292 41.3622
29.1702 2.5918 0.2401 12.3481 41.8727
29.2888 2.3429 0.2080 12.2395 41.8870
28.0560 2.6006 0.1409 12.4763 40.8852
28.4042 2.0083 0.1619 11.8481 40.5840
32.0650 1.9071 0.1168 11.3032 43.7195
28.4280 2.6150 0.1907 12.5040 41.2634
28.5386 2.3107 0.1772 12.8397 41.7021
30.7355 1.9029 0.1683 11.1853 42.2463
27.4198 2.2444 0.1672 11.6313 39.3043
32.8974 1.9532 0.1614 11.4771 44.7295
29.4854 2.3122 0.1449 12.3733 42.1520
29.3978 2.1736 0.1494 11.7889 41.4938
28.9212 2.1444 0.1629 12.1364 41.3314
31.8670 2.1399 0.1694 11.6799 43.9408
35.2244 1.8571 0.1446 11.0332 46.6542
29.5301 2.2440 0.1407 11.5351 41.4209
28.6094 2.1992 0.1524 12.0701 40.9354
29.7960 2.2433 0.1340 11.5038 41.6355
29.3429 2.4113 0.1516 12.0779 41.7315
29.0051 2.2322 0.2037 12.7554 42.0928
29.2857 2.2610 0.1543 11.6603 41.2341
28.5999 2.7962 0.1741 13.7133 42.6493
28.8268 1.7582 0.1715 10.9319 40.0513
30.6874 1.8620 0.1368 11.0917 42.1315
28.6268 2.5546 0.1732 12.7300 41.6194
29.7976 2.4340 0.1634 12.0494 42.2094
29.1677 2.2724 0.1440 12.1384 41.6222
29.8574 2.2968 0.1663 11.7708 41.9432
29.1899 2.2982 0.1551 12.2447 41.7334
35.0180 1.8851 0.1332 11.2271 46.6311
29.5508 1.7830 0.1293 11.0165 40.8509
33.4986 1.8729 0.1133 11.2494 45.0742
29.3370 2.2237 0.1549 11.6195 41.2026
34.6016 2.0893 0.1783 12.2567 47.1958
29.8130 1.9484 0.1778 11.3592 41.4351
29.5615 2.1149 0.1406 11.3611 41.2713
29.5209 2.1330 0.1157 11.8318 41.6564
30.2103 2.3116 0.1619 11.6657 42.2174
29.9690 2.0249 0.1909 11.2993 41.5008
30.3057 2.4907 0.1804 11.8826 42.4672
32.9482 2.0255 0.1697 11.5634 44.7418
30.8839 2.1360 0.1507 11.3500 42.5022
30.7595 2.2310 0.1240 11.5060 42.6190
30.9946 2.2373 0.1359 11.5062 42.7820
36.4535 1.8712 0.1633 11.3159 48.1071
30.6860 2.2213 0.1666 11.5502 42.5789
31.1871 2.1192 0.1546 11.3797 42.8405
30.6271 2.1088 0.1658 11.4410 42.3844
31.2929 2.0268 0.1405 11.2343 42.8557
34.8433 1.7413 0.1595 11.4984 46.6657
31.9956 1.9193 0.1217 11.1658 43.4697
32.1156 1.8193 0.1455 11.1660 43.5925
33.2972 1.8607 0.1520 11.3808 45.0124
31.4705 2.1693 0.2024 12.1020 70.6062
33.3127 1.9559 0.1332 11.3748 45.0720
34.9258 1.8071 0.1471 11.2570 46.3712
36.8090 1.9973 0.1983 12.2816 49.3603
38.1414 1.7944 0.1101 11.1646 49.6674
38.1259 1.8261 0.1349 11.3796 49.8436
38.6792 1.8199 0.1406 10.9908 49.9849
38.6170 1.7920 0.1667 11.2979 50.2129
40.3181 1.8483 0.1525 12.0958 52.7510
38.2897 1.8473 0.1319 11.2766 49.9297
38.2213 1.9488 0.1284 11.2299 49.7593
38.2220 1.7651 0.1665 11.3233 49.8452
37.2119 1.8057 0.1500 11.1764 48.6772
38.5013 1.8103 0.1476 11.0994 49.9743
37.5789 2.2968 0.2043 12.5600 50.4437
36.1484 1.7559 0.1359 11.1738 47.6758
35.3270 1.7484 0.1308 10.8937 46.5478
35.2656 1.8933 0.1786 11.1903 46.7852
36.9803 1.8616 0.1512 11.2557 48.5350
33.9426 1.9195 0.1405 11.3074 45.5163
34.1998 1.9701 0.1362 11.1571 45.6834
34.1419 1.6445 0.1266 11.4044 45.9264
33.0212 2.0730 0.0818 11.5761 44.8646
34.7172 1.7331 0.0925 11.2066 46.1783
33.7510 1.7350 0.1244 11.0628 45.0851
34.8707 1.8048 0.1779 11.1727 46.3781
33.7689 1.8386 0.1025 11.0099 45.0736
33.5208 2.2343 0.1650 12.2366 70.2648
34.0070 1.9290 0.0977 11.2269 45.5457
35.7722 1.8355 0.1301 10.8805 47.0833
33.0672 1.9918 0.1418 11.3945 44.7868
32.1598 1.8605 0.1034 11.2766 43.7829
31.5883 2.1632 0.1223 11.8641 43.7417
30.7687 2.0691 0.1228 11.3679 42.3947
32.6258 1.9045 0.0982 11.0971 43.9832
31.3014 2.0498 0.1290 11.2368 42.8762
32.5881 1.9431 0.1056 11.2231 44.1036
30.7642 2.0530 0.1269 11.4427 42.4982
34.0819 1.8577 0.0954 11.1998 45.7219
30.2118 2.0555 0.1370 11.3491 41.8956
34.6410 2.0518 0.1350 11.5273 46.5270
31.9026 2.1292 0.0949 11.8256 44.0858
34.9749 1.7671 0.1465 11.1346 46.4478
27.6062 2.3839 0.1507 12.2649 40.1060
28.1011 2.0062 0.1105 11.8003 40.2037
28.0121 2.3863 0.1397 13.0100 41.3403
32.3610 1.6386 0.0737 11.2452 43.8344
27.7786 5.9616 0.1027 15.7215 43.7678
27.7237 1.9577 0.1027 11.5581 39.5405
28.2458 1.8995 0.0709 11.8024 40.3434
27.2071 1.9879 0.0689 11.8120 39.2543
30.7587 2.1001 0.0870 11.8337 42.8581
32.1038 2.3060 0.0756 11.8892 44.2300
28.0918 1.9403 0.0911 11.5188 39.9114
29.6349 2.3599 0.0866 12.0271 41.9229
27.7529 1.9238 0.0807 11.2066 39.2751
27.6852 1.8444 0.1119 11.2430 39.2050
30.6073 1.7312 0.1030 11.3692 42.3814
27.5925 2.9858 0.1299 12.7818 40.6380
30.6441 2.5850 0.0939 12.7070 43.6250
29.1187 1.5858 0.0928 11.1547 40.5795
27.8232 1.6896 0.0775 11.2953 39.4280
27.5583 1.9577 0.1038 11.5239 39.3444
28.2538 1.7698 0.0860 11.2563 39.7731
33.3821 2.1287 0.1088 11.9578 45.6469
28.4440 1.7377 0.0751 11.3761 40.1373
28.0988 1.7796 0.0809 11.1013 39.4661
27.6050 1.9763 0.1604 12.1425 40.0577
29.2504 1.8172 0.1311 11.2545 40.8335
27.7625 2.0626 0.1021 11.8023 39.8193
28.0478 1.9616 0.1211 11.2637 39.5776
29.6124 2.1097 0.0994 12.6263 42.6216
28.1307 2.5344 0.1026 12.4240 40.8716
27.2826 2.0115 0.1841 11.2711 38.9358
28.0907 2.6048 0.1184 12.2827 40.6869
27.6939 2.6713 0.1116 12.5091 40.4833
31.7811 2.0265 0.0818 11.2881 43.3432
28.5111 1.6988 0.1068 10.6452 39.4285
27.6346 2.6764 0.1141 12.5788 40.5094
27.6298 2.5102 0.1068 12.2490 40.1510
27.6966 2.7031 0.1014 13.4923 41.5154
33.5585 1.9092 0.0735 11.1914 45.1167
28.5666 2.5333 0.1163 12.1967 41.1293
27.8373 2.9504 0.0965 12.8939 41.0256
28.9454 1.8556 0.1496 10.9444 40.1365
29.4724 2.2174 0.1159 12.6396 42.4393
31.5112 2.0745 0.0970 11.3499 43.0909
28.3066 2.5619 0.1160 12.3392 40.9419
27.9493 2.2283 0.1019 11.5535 39.7690
27.0844 2.3636 0.0960 12.1179 39.4287
28.2216 2.6277 0.1326 12.3358 40.8585
31.2235 2.3153 0.0903 11.6681 43.2054
28.6383 2.1720 0.0929 11.7740 40.6592
27.5735 1.8612 0.0853 11.8108 39.6425
27.7814 2.1416 0.1580 12.1223 40.2240
27.9830 2.3841 0.1721 12.1985 40.4022
28.0261 2.5206 0.1391 12.5910 40.9045
27.7625 2.3327 0.1012 12.1984 40.2040
28.1873 2.4401 0.0935 12.2931 40.7514
27.7776 2.4266 0.0933 12.3680 40.3867
28.5577 1.8418 0.1114 10.9948 39.9395
27.6667 2.6000 0.1035 12.3612 40.2950
27.7804 2.3842 0.1603 13.2281 41.3219
27.5857 2.5519 0.1212 12.4269 40.2643
27.5921 2.5488 0.0871 12.3147 40.1768
31.3983 2.1057 0.0936 11.6401 43.4262
28.2098 2.3085 0.0708 12.5646 41.0348
27.5739 2.4866 0.0791 12.5833 40.4420
27.6292 2.6265 0.1500 12.5284 40.4737
27.6475 2.2587 0.1000 12.2564 40.1591
27.7081 2.3641 0.1012 12.1550 40.0951
28.1807 2.3444 0.1619 12.2061 40.6444
29.4484 2.6816 0.1368 12.7450 42.5003
27.5005 2.1960 0.0689 11.9881 39.7216
29.1871 2.0019 0.0745 11.3123 40.8238
31.6878 2.2332 0.0960 11.9134 43.9762
28.0328 2.2838 0.1085 11.9963 40.3213
27.2432 2.7954 0.1085 12.5861 40.1199
27.3766 2.5695 0.1146 12.3226 40.0471
27.4870 2.6387 0.0861 12.4272 40.1824
30.2675 1.7452 0.0607 10.8958 41.4329
27.7426 2.4654 0.0750 12.5943 40.6369
27.5485 2.4303 0.0896 12.2636 40.1120
27.6294 1.9251 0.0730 11.8031 39.7246
29.1953 1.9460 0.1412 12.0665 41.7085
28.3545 2.1606 0.0833 11.4838 40.0340
27.4846 2.5637 0.1551 12.5495 40.3787
27.5441 2.5103 0.1641 12.4484 40.2826
27.3366 2.4677 0.1411 12.3671 39.9940
28.0423 1.9390 0.1074 11.6433 40.0009
28.0858 2.2837 0.1220 13.0659 41.5032
30.1931 2.3738 0.1584 12.1045 42.5743
28.9316 2.3635 0.0800 12.1128 41.3653
27.5400 2.7756 0.1885 12.5670 40.4732
28.4613 1.7860 0.1066 10.8663 39.6251
28.1496 2.0894 0.1006 11.1335 39.5862
27.5351 2.4893 0.1277 13.3207 41.1592
27.0192 2.5933 0.1772 12.5031 39.8170
26.9209 2.2017 0.1555 12.3233 39.5737
27.1490 2.4753 0.1357 12.3499 39.7814
31.0846 1.9889 0.1086 11.3949 42.7751
30.0480 2.5459 0.1468 13.1172 43.3888
26.8997 2.2655 0.1017 11.7465 38.9091
27.6289 2.5811 0.0942 12.4307 40.3968
27.9917 2.2037 0.1035 12.1848 40.4219
27.1843 2.5838 0.1231 12.6466 40.1331
34.7004 1.5963 0.0771 10.8012 45.8746
27.3586 2.0468 0.0902 11.3747 39.0490
27.6258 2.5491 0.0850 12.4101 40.3114
28.1431 2.4251 0.0870 12.2266 40.6260
27.0924 2.2591 0.0831 12.0357 39.3264
28.0903 2.0011 0.0940 11.6507 40.0993
27.1153 2.6607 0.1190 12.5634 39.9663
27.0680 2.7795 0.1169 13.4986 40.8817
27.1543 1.9718 0.1358 11.8483 39.2862
27.8776 2.4201 0.1017 12.2025 40.3345
27.6739 2.2956 0.1254 12.1209 40.0970
27.6836 2.5240 0.0864 12.2755 40.2160
27.7337 1.9865 0.1084 11.9495 39.9470
27.4470 2.4741 0.0837 12.4807 40.1964
27.8212 2.6915 0.1087 12.4877 40.6152
26.9874 2.3542 0.0661 12.5157 39.7721
33.0879 1.9393 0.0894 11.9760 45.3440
26.7771 2.0970 0.0672 11.1875 38.2355
29.9973 1.7842 0.0925 10.8731 41.2004
27.5156 2.4263 0.0971 12.2029 39.9862
27.4848 2.2127 0.0834 11.2933 39.0206
29.6485 2.0785 0.0820 11.5820 41.5127
28.5351 2.0250 0.0775 11.7910 40.5785
28.9525 2.1997 0.0822 11.7750 40.9933
27.3438 2.6281 0.1142 12.4283 40.1415
27.1262 2.6519 0.1003 12.4977 39.8838
27.0880 2.3296 0.0823 12.8429 40.1938
31.0051 2.2176 0.0654 11.7447 43.0618
27.0693 2.4402 0.1156 12.3920 39.7308
27.5364 2.7079 0.1290 12.5085 40.3200
27.0187 2.5943 0.1404 12.6580 39.9850
27.4681 2.6964 0.1052 12.9093 40.6998
27.2243 2.8115 0.1099 12.6260 40.0925
28.0076 2.2186 0.1654 11.9662 40.2468
28.5482 2.3866 0.1017 12.3069 41.1712
30.8186 2.1565 0.1259 11.4242 42.5070
30.4794 2.0667 0.1162 11.4472 42.3353
27.4414 1.5105 0.1053 11.3400 39.1322
27.5378 1.6346 0.1137 12.3915 40.2112
27.1885 2.6506 0.1353 13.3095 40.7905
31.1279 2.0089 0.0861 11.2552 42.6642
27.7123 2.5283 0.1620 12.3273 40.4117
28.3108 1.7013 0.1168 10.7976 39.3770
27.7220 2.4117 0.1479 12.2195 40.2404
27.5834 1.9897 0.1272 11.9035 39.7933
30.2130 2.4396 0.1119 12.5213 43.0866
27.9050 2.6357 0.1555 12.5204 40.7365
28.1792 2.4365 0.1382 12.2652 40.7255
28.2849 1.7568 0.1329 10.8965 39.5189
27.6619 2.3805 0.1309 12.2074 40.1973
28.9345 2.3616 0.1074 12.2181 41.4891
29.2800 2.2290 0.1069 12.1059 41.6770
28.7712 2.3122 0.0719 12.0333 41.0932
27.6091 1.9646 0.0977 11.0146 38.8952
27.8026 2.0950 0.0697 11.0337 39.0947
32.3863 1.9849 0.0766 11.4416 44.0903
30.2537 2.0937 0.0584 11.1562 41.7005
27.2737 2.3603 0.0943 11.9199 39.4031
27.5969 2.5590 0.0796 12.3599 40.2546
27.5469 1.7389 0.0849 10.8182 38.6697
27.0625 2.3704 0.1072 12.4976 39.8823
30.6736 2.3640 0.0838 12.5128 43.4904
32.0295 1.8857 0.1146 11.3817 43.7605
31.2592 1.7681 0.1082 28.1892 59.9999
28.1574 2.4683 0.1273 12.1811 40.6300
29.2793 2.2802 0.1248 12.1969 41.7397
27.1095 2.5419 0.0662 12.2318 39.6853
27.5744 2.3808 0.1555 12.1903 40.0587
27.4424 2.7093 0.1241 12.5575 40.3190
27.9411 1.8569 0.0791 11.1428 39.3499
27.2504 2.6835 0.0726 12.5203 40.0792
27.4314 2.5205 0.1194 12.4735 40.1805
27.5186 2.0613 0.0671 11.7550 39.6056
28.4588 1.9859 0.0768 12.0957 40.7938
27.5700 1.7273 0.0765 11.3966 39.3031
27.6959 2.5142 0.0977 12.2657 40.1957
28.7622 1.6880 0.0463 11.1647 40.2046
28.2449 2.3925 0.0856 12.2014 40.7424
28.7409 2.2644 0.0985 12.0167 41.0901
28.4913 2.5649 0.0988 12.1448 40.8845
30.1737 1.6979 0.0480 10.8954 41.3616
28.9539 2.3060 0.0778 12.9097 42.1620
30.6013 2.0257 0.0699 11.2163 42.0324
29.1650 2.3699 0.0629 12.0370 41.4952
29.6751 2.2915 0.0939 11.7698 41.7482
28.6668 2.3273 0.0534 12.0681 41.0432
29.4962 2.1465 0.0575 11.7267 41.5055
30.8000 2.1693 0.0867 11.5833 42.7188
27.7524 2.3192 0.1072 12.6223 40.5898
29.5451 2.2041 0.0484 12.2251 42.0048
31.2922 2.2641 0.0521 11.5433 43.0927
29.3298 2.1382 0.0498 11.8708 41.4627
32.9672 1.6525 0.0518 10.7841 44.0957
31.1632 2.1576 0.0483 12.0463 43.6124
31.9238 1.7952 0.0508 10.7759 43.0715
29.1909 2.1051 0.0499 11.6444 41.1486
28.5756 2.1263 0.0758 12.1811 41.0378
29.4982 2.3214 0.1190 11.6848 41.5089
28.9388 2.4670 0.0786 12.2007 41.4056
28.8122 2.4060 0.0716 12.9867 42.1095
30.8586 1.7772 0.0551 10.9869 42.1191
29.0330 2.5005 0.0902 12.6563 41.9574
29.5646 2.2868 0.0519 11.7866 41.5787
29.3433 2.1842 0.0576 11.7071 41.3366
28.9069 1.8365 0.0484 10.9695 40.2125
28.6873 2.2547 0.0626 12.0210 41.1690
30.2349 1.9882 0.0839 11.5672 42.1286
29.5729 1.6099 0.0970 10.6931 40.5700
28.1315 2.3769 0.0829 11.7948 40.1814
28.6997 2.0261 0.0734 11.8440 40.8356
30.5163 2.2951 0.0513 12.0688 42.9424
29.0314 2.3020 0.0764 12.0773 41.3449
29.9975 2.2286 0.1028 12.5717 42.8634
28.9187 2.3373 0.0738 12.0137 41.2522
28.9086 3.0380 0.0853 12.2460 41.4901
28.7906 2.2419 0.1007 11.8073 40.8904
30.8221 2.0453 0.0577 11.2635 42.3358
30.0723 1.7007 0.0721 11.7184 42.1117
30.4590 1.6589 0.0881 11.1318 41.9079
30.2117 2.1965 0.1155 11.7570 42.2390
30.4893 1.9546 0.1100 11.3491 42.1202
30.8310 2.1619 0.1100 11.5030 42.6812
30.5245 2.1572 0.1217 11.7642 42.5838
28.6819 1.7228 0.0616 10.9831 39.9765
30.8530 2.0987 0.1351 11.4582 42.6838
29.8016 2.0760 0.1247 11.5398 41.6339
30.9826 2.2442 0.0873 12.1626 43.5815
30.7130 1.7375 0.0956 11.0772 42.0830
30.1160 2.2351 0.1139 11.5042 41.8790
29.4903 2.1667 0.1156 11.9884 41.8187
29.6055 2.1072 0.1199 11.7228 41.6469
33.4221 1.6565 0.1197 10.6738 44.4929
29.9590 1.7033 0.0798 10.9320 41.2072
29.6608 1.7167 0.0904 10.8854 40.8298
30.5150 1.6874 0.0793 10.9906 41.8505
29.4910 2.5146 0.1264 12.2292 42.0572
29.1468 2.1026 0.1140 11.7766 41.2253
30.3106 2.2549 0.0878 11.7163 42.3055
31.1456 2.0988 0.0838 11.5396 43.0111
28.7542 2.5353 0.1365 12.7451 41.7470
28.7443 2.1621 0.0897 11.9366 40.9337
29.0346 1.7333 0.0861 11.6724 40.9996
31.1534 2.4089 0.1636 12.2327 43.6894
29.8998 2.2365 0.1498 12.1470 42.2901
30.0541 1.9198 0.1386 11.1814 41.5494
29.2190 2.1982 0.1004 11.9083 41.4040
30.6992 1.8422 0.0866 11.6684 42.6708
32.3215 2.2040 0.1355 12.1383 44.7411
29.5312 2.1111 0.1128 11.7706 41.5910
30.1150 1.8223 0.0971 11.0886 41.5779
30.9701 1.8896 0.0983 11.6401 42.9253
29.1268 2.1153 0.1034 12.4572 41.8457
30.0059 1.7639 0.0877 11.1104 41.4265
29.1152 1.9274 0.1164 11.8477 41.2801
32.1298 2.4451 0.0902 12.0757 44.6993
29.3935 1.8865 0.1107 11.8572 41.5291
29.5743 2.4372 0.1136 12.4234 42.3310
29.6826 1.5817 0.1186 10.7682 40.7749
33.6287 2.0803 0.1047 11.7707 45.8185
29.3357 2.0390 0.1169 11.9779 41.6000
29.6069 3.1253 0.1411 13.1919 43.1316
29.6830 2.0828 0.1440 12.0320 41.9995
29.3219 1.9543 0.1184 11.8491 41.4880
30.6481 2.5174 0.1022 12.4039 43.3210
29.7000 1.5920 0.1019 10.6445 40.6484
29.9202 2.4252 0.1240 12.1547 42.4564
29.1835 2.0628 0.1134 12.1638 41.6671
29.4649 2.1405 0.1413 12.1688 41.9410
29.6156 1.8701 0.1142 11.6612 41.5585
29.5995 2.3514 0.0812 12.0112 41.9161
28.5694 2.1317 0.1070 11.9662 40.8121
29.7135 1.6386 0.0847 10.5756 40.5413
29.1874 2.0845 0.1112 12.0299 41.5042
29.8971 2.3163 0.1341 12.5341 42.7417
29.8337 1.8160 0.1335 11.0302 41.1528
31.2973 2.4328 0.1313 12.2787 43.9580
29.4639 1.9863 0.1095 12.4833 42.3450
31.9488 1.8785 0.1022 11.6763 43.9779
29.7950 1.6931 0.0962 10.8944 40.9914
30.6152 1.7530 0.0992 11.0249 41.9630
29.5868 2.0768 0.0975 12.0593 41.9374
29.1566 1.8790 0.1190 11.8470 41.3272
30.2015 1.8047 0.0845 11.1570 41.6838
30.3919 1.6466 0.1119 10.8292 41.4699
32.6841 2.1455 0.1412 12.0824 45.1135
29.0012 3.8371 0.1043 13.6000 42.8579
29.0555 1.8642 0.1056 11.6430 41.0085
29.1875 1.8241 0.1158 11.8258 41.3261
32.9196 1.9018 0.1131 11.7963 45.0677
30.6543 2.2292 0.1207 11.4283 42.3777
30.5416 1.9170 0.1737 11.8505 42.6604
29.6573 1.7069 0.1720 11.1065 41.1197
29.4805 2.3040 0.1707 12.2971 42.1136
29.7801 1.9662 0.1552 11.1000 41.2463
29.9525 1.9305 0.1697 11.5021 41.7506
29.2687 2.2395 0.3214 12.3927 41.9423
29.7461 2.5336 0.3177 12.7305 42.7670
32.3281 2.8295 0.3275 12.7273 45.4679
29.3499 2.4571 0.2637 11.9586 41.5358
30.1682 1.9772 0.3058 11.7289 42.1810
35.3381 2.5262 0.2833 12.7070 48.4879
29.6425 2.5486 0.3331 12.8472 42.8233
31.5200 2.6307 0.3536 13.8091 45.7251
30.5069 1.8245 0.2529 11.6308 42.4831
32.8114 2.3261 0.2732 11.8675 45.0117
32.4636 2.2130 0.2810 11.5895 44.3834
36.2794 1.8234 0.2572 11.1275 47.7825
33.4460 2.2867 0.2706 12.4649 46.2289
29.6376 2.3917 0.1978 12.3607 42.2891
30.1118 1.8398 0.2181 11.5189 41.9588
31.5314 1.9024 0.2561 11.7316 43.5452
35.6863 2.2773 0.2580 12.1285 48.1077
29.6163 2.6539 0.2818 12.5467 42.5182
29.7634 2.4097 0.2849 12.4671 42.6214
30.7743 2.4132 0.3762 12.1341 43.1221
31.1863 2.4566 0.2567 12.4698 43.9130
29.8896 2.8443 0.3004 13.3919 43.5971
30.5699 2.5449 0.3302 12.5209 43.3794
29.8402 1.8445 0.2213 11.0338 41.1271
29.5261 2.3635 0.2318 13.1084 42.9094
29.6675 1.8885 0.2306 11.9972 42.0647
30.0621 1.7365 0.2267 11.0825 41.4155
30.6885 2.3618 0.3350 12.3087 43.2856
29.0631 2.3507 0.2302 12.1318 41.4537
30.2785 2.3794 0.3694 13.3189 43.9016
29.1979 2.0738 0.2869 12.2772 41.8153
30.1462 1.7566 0.2421 11.8484 42.3072
30.6571 1.8873 0.2665 11.7337 42.6755
29.9747 2.6387 0.2356 12.3177 42.6332
29.2603 2.4595 0.3317 12.3471 41.8628
29.7574 2.2048 0.3164 12.3289 42.3695
30.3222 1.7995 0.2477 11.6389 42.2184
29.9945 2.3508 0.2773 13.3082 43.6343
29.5460 2.1878 0.2852 12.0884 41.9501
29.2675 2.5257 0.2985 12.5582 42.1471
30.4812 2.4936 0.3493 13.3667 44.1653
29.9212 1.7531 0.1885 11.3360 41.5117
29.8741 2.4435 0.2681 12.4915 42.6680
30.2243 2.3226 0.2366 12.3116 42.8301
30.3168 2.4327 0.3146 12.2033 42.8404
29.8451 2.2284 0.2978 12.5019 42.6918
29.4141 2.1618 0.2477 12.4305 42.1402
29.8257 2.1283 0.2220 12.0368 42.1251
29.7656 1.9168 0.1405 11.4583 41.6322
34.0662 2.0681 0.2117 11.8611 46.3572
29.9433 2.0742 0.1875 12.2557 42.4523
32.1376 2.0090 0.1819 12.1768 44.5912
29.4462 2.1737 0.1912 12.2719 42.1010
29.8035 2.0314 0.2061 12.0452 42.1747
32.0604 2.4257 0.2267 11.9536 44.2728
30.1409 1.8581 0.1657 11.3518 41.7967
29.2100 2.3068 0.3004 12.6405 42.1530
30.2635 2.0254 0.1877 12.0359 42.5821
29.9308 2.3999 0.2648 12.5678 42.8011
30.2223 2.6951 0.2714 13.4095 43.9353
29.8169 1.9992 0.1871 11.6091 41.7345
30.6868 2.5341 0.2856 12.3661 43.3926
30.1848 2.4300 0.1911 12.4481 42.9556
30.1621 2.2539 0.2449 12.4320 42.9258
29.7481 2.0453 0.1924 12.1320 42.1998
29.7602 2.3395 0.1808 13.2535 43.2997
31.1769 2.8518 0.2713 12.9645 44.4006
30.1796 2.4966 0.2208 11.8062 42.3555
29.7737 2.4052 0.2544 12.4098 42.5176
30.1679 2.1437 0.2587 12.0642 42.5471
33.2268 2.4338 0.2426 12.2099 45.8763
34.3277 2.3439 0.2205 11.9657 46.6497
30.0087 2.2915 0.2561 12.6342 42.9151
29.5152 2.3928 0.2259 12.1474 41.9949
29.8068 4.2928 0.3298 14.0080 44.1679
30.4891 2.1897 0.2770 11.9975 42.8716
29.1864 2.5260 0.1894 12.1501 41.6474
29.7368 2.5274 0.2137 12.5984 42.6809
32.8951 2.3021 0.2751 12.1304 45.3620
32.7033 2.3435 0.2271 12.0203 45.0129
29.5117 2.4704 0.2477 11.9588 41.8036
30.8155 2.2968 0.1983 11.9361 42.9964
31.0459 2.5311 0.2620 11.8323 43.2277
33.9621 2.4031 0.2166 11.8598 46.1988
34.3562 2.1475 0.2412 11.3740 46.0517
29.9573 2.4844 0.2937 12.2553 42.4703
29.7440 2.6093 0.2194 12.6265 42.6727
31.0574 2.2779 0.2468 12.4547 43.8028
31.3391 2.2949 0.3004 12.5835 44.2709
30.5083 2.4396 0.2411 11.9647 42.8849
30.8921 2.4441 0.2890 11.7622 43.0225
30.3452 2.4261 0.2267 12.3298 42.9928
30.1389 2.7254 0.2994 12.1244 42.4952
30.9221 1.9414 0.2209 11.2741 42.4945
30.4773 2.5581 0.2456 11.9152 42.6906
31.1918 2.4294 0.2473 12.6326 44.0748
30.4117 2.6543 0.2255 12.1750 42.8594
37.1693 2.1315 0.3081 11.4333 49.0160
30.6513 2.3842 0.2439 11.6959 42.6315
29.9098 2.6677 0.2411 12.1766 42.4284
30.9476 2.0168 0.2929 11.4882 42.7576
30.3550 2.0748 0.2589 11.4913 42.1359
29.6608 2.6942 0.2689 12.7168 42.6772
30.3263 2.4840 0.2757 13.0873 43.7111
30.1409 2.5089 0.2430 12.0436 42.5156
32.0355 2.4093 0.2189 11.7892 44.1090
30.3339 2.3360 0.2310 11.9491 42.6074
30.7099 2.6711 0.2527 12.1043 43.1191
32.6009 2.2297 0.2664 11.6305 44.5424
30.2227 2.5234 0.2599 12.2825 42.8627
30.7482 2.5934 0.3400 12.9928 44.0825
31.7350 2.2757 0.2577 11.7185 43.8107
32.2979 2.1409 0.2958 11.3522 43.9124
30.5216 2.3204 0.3169 12.6789 43.5628
31.8330 2.5467 0.2116 12.3845 44.4836
31.3757 2.6764 0.2897 12.1009 43.8060
30.5816 2.4833 0.3002 11.8064 42.6834
30.6697 2.5661 0.3339 12.0391 43.0479
30.7976 2.6128 0.3458 12.9642 44.0846
30.6189 3.0674 0.4370 13.5061 44.4258
30.6871 2.1923 0.3881 11.8932 42.8608
31.2492 2.3458 0.2679 11.5835 43.1540
30.9538 2.5147 0.2494 12.4063 43.6357
34.4811 2.4800 0.0637 11.7423 46.4263
