1556368082.631339073 12.204 -22.308 0.000 -1.140 0.000
1556368082.731338978 12.947 -23.620 1.366 -1.140 -0.000
1556368082.831338882 13.580 -24.898 11.234 -1.136 0.013
1556368082.931339025 14.979 -27.994 13.266 -1.171 -0.112
1556368083.031338930 15.701 -29.545 13.547 -1.101 0.026
1556368083.131339073 16.401 -30.986 13.760 -1.136 0.001
1556368083.231338978 17.146 -32.439 13.985 -1.047 0.011
1556368083.331338882 17.906 -33.876 14.323 -1.104 0.022
1556368083.431339025 18.637 -35.284 15.184 -1.092 0.023
1556368083.531338930 19.399 -36.742 15.877 -1.088 0.025
1556368083.631339073 20.167 -38.209 16.216 -1.087 0.020
1556368083.731338978 20.931 -39.673 16.361 -1.088 0.012
1556368083.831338882 21.694 -41.133 16.421 -1.088 0.007
1556368083.931339025 22.455 -42.591 16.443 -1.089 0.004
1556368084.031338930 23.270 -44.038 16.484 -1.072 0.040
1556368084.131339073 24.057 -45.491 16.497 -1.070 0.036
1556368084.231338978 24.829 -46.945 16.495 -1.073 0.025
1556368084.331338882 25.593 -48.400 16.487 -1.076 0.014
1556368084.431339025 26.352 -49.855 16.477 -1.080 0.006
1556368084.531338930 27.097 -51.347 16.506 -1.089 -0.010
1556368084.631339073 27.847 -52.829 16.519 -1.095 -0.016
1556368084.731338978 28.600 -54.301 16.522 -1.097 -0.018
1556368084.831338882 29.162 -55.401 16.015 -1.099 -0.018
1556368084.931339025 29.948 -56.918 16.143 -1.098 -0.014
1556368085.031338930 30.732 -58.424 16.241 -1.097 -0.010
1556368085.131339073 31.514 -59.921 16.316 -1.095 -0.006
1556368085.231338978 32.293 -61.410 16.374 -1.094 -0.002
1556368085.331338882 33.107 -62.884 16.426 -1.085 0.012
1556368085.431339025 33.907 -64.358 16.465 -1.080 0.018
1556368085.531338930 34.684 -65.860 16.517 -1.083 0.011
1556368085.631339073 35.458 -67.354 16.553 -1.085 0.005
1556368085.731338978 36.228 -68.842 16.577 -1.087 0.001
1556368085.831338882 36.997 -70.324 16.591 -1.089 -0.002
1556368085.931339025 37.763 -71.800 16.597 -1.090 -0.004
1556368086.031338930 38.563 -73.262 16.605 -1.084 0.007
1556368086.131339073 39.352 -74.723 16.606 -1.081 0.011
1556368086.231338978 40.132 -76.183 16.600 -1.080 0.011
1556368086.331338882 40.904 -77.642 16.591 -1.080 0.008
1556368086.431339025 41.669 -79.100 16.577 -1.082 0.004
1556368086.531338930 42.453 -80.577 16.595 -1.082 0.004
1556368086.631339073 43.230 -82.051 16.603 -1.083 0.001
1556368086.731338978 44.000 -83.522 16.604 -1.084 -0.001
1556368086.831338882 44.766 -84.989 16.598 -1.086 -0.004
1556368086.931339025 45.528 -86.453 16.589 -1.088 -0.006
1556368087.031338930 46.324 -87.905 16.585 -1.083 0.004
1556368087.131339073 47.108 -89.357 16.577 -1.080 0.007
1556368087.231338978 47.883 -90.811 16.565 -1.080 0.006
1556368087.331338882 48.650 -92.264 16.551 -1.081 0.003
1556368087.431339025 49.412 -93.717 16.536 -1.083 -0.000
1556368087.531338930 50.170 -95.170 16.519 -1.085 -0.004
1556368087.631339073 50.974 -96.583 16.489 -1.075 0.013
1556368087.731338978 51.761 -98.004 16.462 -1.071 0.018
1556368087.831338882 52.384 -99.131 16.049 -1.068 0.019
1556368087.931339025 53.164 -100.601 16.118 -1.072 0.011
1556368088.031338930 53.936 -102.074 16.178 -1.076 0.002
1556368088.131339073 54.703 -103.549 16.230 -1.081 -0.006
1556368088.231338978 55.467 -105.024 16.274 -1.085 -0.012
1556368088.331338882 56.242 -106.468 16.288 -1.084 -0.008
1556368088.431339025 57.010 -107.916 16.301 -1.084 -0.007
1556368088.531338930 57.774 -109.367 16.313 -1.086 -0.008
1556368088.631339073 58.547 -110.790 16.300 -1.082 -0.001
1556368088.731338978 59.313 -112.219 16.292 -1.081 0.000
1556368088.831338882 59.920 -113.354 15.898 -1.081 0.001
1556368088.931339025 60.387 -114.227 15.208 -1.081 0.001
1556368089.031338930 61.239 -115.735 15.451 -1.072 0.015
1556368089.131339073 62.073 -117.252 15.666 -1.069 0.017
1556368089.231338978 62.905 -118.743 15.829 -1.065 0.020
1556368089.331338882 63.719 -120.242 15.972 -1.066 0.015
1556368089.431339025 64.533 -121.715 16.072 -1.065 0.015
1556368089.531338930 65.330 -123.195 16.157 -1.067 0.008
1556368089.631339073 66.116 -124.678 16.230 -1.072 -0.001
1556368089.731338978 66.905 -126.133 16.268 -1.073 -0.001
1556368089.831338882 67.534 -127.290 15.911 -1.073 -0.001
1556368089.931339025 68.296 -128.768 15.995 -1.080 -0.013
1556368090.031338930 69.069 -130.219 16.047 -1.082 -0.013
1556368090.131339073 69.837 -131.675 16.095 -1.084 -0.015
1556368090.231338978 70.614 -133.105 16.117 -1.082 -0.009
1556368090.331338882 71.383 -134.544 16.140 -1.082 -0.007
1556368090.431339025 72.159 -135.958 16.140 -1.078 -0.000
1556368090.531338930 72.940 -137.353 16.123 -1.073 0.008
1556368090.631339073 73.672 -138.771 16.105 -1.079 -0.003
1556368090.731338978 74.419 -140.166 16.073 -1.079 -0.003
1556368090.831338882 75.010 -141.272 15.667 -1.079 -0.003
1556368090.931339025 75.794 -142.664 15.703 -1.073 0.008
1556368091.031338930 76.579 -144.044 15.724 -1.066 0.018
1556368091.131339073 77.316 -145.454 15.746 -1.072 0.005
1556368091.231338978 78.065 -146.847 15.755 -1.073 0.003
1556368091.331338882 78.824 -148.226 15.753 -1.071 0.005
1556368091.431339025 79.575 -149.623 15.766 -1.073 0.002
1556368091.531338930 80.335 -151.005 15.768 -1.071 0.004
1556368091.631339073 81.065 -152.384 15.750 -1.075 -0.002
1556368091.731338978 81.807 -153.750 15.727 -1.074 -0.001
1556368091.831338882 82.396 -154.833 15.336 -1.074 -0.001
1556368091.931339025 83.161 -156.240 15.415 -1.074 0.000
1556368092.031338930 83.934 -157.634 15.477 -1.071 0.005
1556368092.131339073 84.664 -159.058 15.537 -1.079 -0.009
1556368092.231338978 85.248 -160.191 15.216 -1.084 -0.015
1556368092.331338882 86.028 -161.611 15.331 -1.080 -0.007
1556368092.431339025 86.651 -162.747 15.058 -1.078 -0.002
1556368092.531338930 87.416 -164.212 15.228 -1.082 -0.009
1556368092.631339073 88.030 -165.387 15.001 -1.085 -0.012
1556368092.731338978 88.827 -166.875 15.219 -1.084 -0.008
1556368092.831338882 89.468 -168.072 15.030 -1.083 -0.006
1556368092.931339025 90.266 -169.560 15.244 -1.082 -0.003
1556368093.031338930 90.906 -170.756 15.053 -1.082 -0.002
1556368093.131339073 91.726 -172.264 15.297 -1.079 0.003
1556368093.231338978 92.385 -173.479 15.127 -1.077 0.005
1556368093.331338882 93.195 -174.984 15.355 -1.076 0.005
1556368093.431339025 93.847 -176.195 15.170 -1.076 0.005
1556368093.531338930 94.673 -177.716 15.418 -1.075 0.006
1556368093.631339073 95.338 -178.941 15.248 -1.074 0.006
1556368093.731338978 96.151 -180.455 15.472 -1.075 0.004
1556368093.831338882 96.805 -181.673 15.283 -1.075 0.003
1556368093.931339025 97.609 -183.179 15.491 -1.077 -0.000
1556368094.031338930 98.256 -184.390 15.288 -1.078 -0.002
1556368094.131339073 99.090 -185.880 15.494 -1.072 0.008
1556368094.231338978 99.758 -187.078 15.291 -1.069 0.012
1556368094.331338882 100.570 -188.570 15.487 -1.069 0.010
1556368094.431339025 101.222 -189.768 15.275 -1.069 0.008
1556368094.531338930 102.033 -191.230 15.441 -1.067 0.010
1556368094.631339073 102.683 -192.402 15.207 -1.065 0.011
1556368094.731338978 103.476 -193.872 15.381 -1.068 0.005
1556368094.831338882 104.114 -195.051 15.154 -1.070 0.002
1556368094.931339025 104.612 -195.971 14.614 -1.070 0.000
1556368095.031338930 105.287 -197.189 14.536 -1.069 0.003
1556368095.131339073 106.119 -198.678 14.827 -1.066 0.007
1556368095.231338978 106.791 -199.880 14.706 -1.064 0.009
1556368095.331338882 107.582 -201.362 14.948 -1.069 -0.000
1556368095.431339025 108.222 -202.555 14.786 -1.072 -0.005
1556368095.531338930 109.011 -204.047 15.027 -1.077 -0.012
1556368095.631339073 109.648 -205.246 14.862 -1.079 -0.014
1556368095.731338978 110.451 -206.711 15.075 -1.077 -0.008
1556368095.831338882 111.097 -207.889 14.887 -1.076 -0.005
1556368095.931339025 111.601 -208.812 14.384 -1.075 -0.003
1556368096.031338930 112.251 -210.043 14.331 -1.078 -0.008
1556368096.131339073 113.071 -211.539 14.647 -1.076 -0.003
1556368096.231338978 113.732 -212.750 14.550 -1.075 -0.001
1556368096.331338882 114.523 -214.238 14.815 -1.077 -0.005
1556368096.431339025 115.161 -215.437 14.674 -1.079 -0.007
1556368096.531338930 115.967 -216.903 14.911 -1.076 -0.000
1556368096.631339073 116.616 -218.083 14.746 -1.074 0.003
1556368096.731338978 117.428 -219.533 14.962 -1.069 0.010
1556368096.831338882 118.079 -220.700 14.779 -1.066 0.013
1556368096.931339025 118.589 -221.613 14.282 -1.064 0.014
1556368097.031338930 119.240 -222.839 14.237 -1.068 0.005
1556368097.131339073 120.021 -224.344 14.551 -1.077 -0.008
1556368097.231338978 120.656 -225.560 14.454 -1.081 -0.014
1556368097.331338882 121.439 -227.021 14.700 -1.082 -0.012
1556368097.431339025 122.070 -228.197 14.546 -1.082 -0.011
1556368097.531338930 122.837 -229.653 14.766 -1.084 -0.012
1556368097.631339073 123.455 -230.823 14.590 -1.085 -0.013
1556368097.731338978 124.225 -232.241 14.769 -1.082 -0.006
1556368097.831338882 124.841 -233.380 14.560 -1.081 -0.003
1556368097.931339025 125.322 -234.270 14.049 -1.080 -0.001
1556368098.031338930 125.970 -235.443 13.974 -1.076 0.005
1556368098.131339073 126.730 -236.881 14.239 -1.079 0.000
1556368098.231338978 127.343 -238.040 14.110 -1.080 -0.002
1556368098.331338882 128.075 -239.463 14.329 -1.086 -0.010
1556368098.431339025 128.666 -240.606 14.162 -1.089 -0.013
1556368098.531338930 129.394 -241.983 14.325 -1.088 -0.011
1556368098.631339073 129.978 -243.087 14.115 -1.088 -0.009
1556368098.731338978 130.687 -244.458 14.268 -1.091 -0.011
1556368098.831338882 131.256 -245.557 14.050 -1.092 -0.012
1556368098.931339025 131.699 -246.414 13.544 -1.094 -0.013
1556368099.031338930 132.266 -247.547 13.443 -1.098 -0.018
1556368099.131339073 132.972 -248.945 13.699 -1.102 -0.020
1556368099.231338978 133.780 -250.557 14.200 -1.106 -0.022
1556368099.331338882 134.440 -251.872 14.260 -1.107 -0.022
1556368099.431339025 135.172 -253.412 14.582 -1.117 -0.032
1556368099.531338930 135.767 -254.657 14.492 -1.122 -0.035
1556368099.631339073 136.484 -256.119 14.699 -1.123 -0.030
1556368099.731338978 137.059 -257.294 14.514 -1.123 -0.027
1556368099.831338882 137.507 -258.215 14.023 -1.124 -0.026
1556368099.931339025 138.061 -259.398 13.913 -1.129 -0.029
1556368100.031338930 138.715 -260.816 14.109 -1.135 -0.033
1556368100.131339073 139.241 -261.955 13.930 -1.138 -0.034
1556368100.231338978 139.839 -263.338 14.062 -1.149 -0.045
1556368100.331338882 140.319 -264.445 13.832 -1.156 -0.049
1556368100.431339025 140.888 -265.795 13.927 -1.166 -0.056
1556368100.531338930 141.341 -266.874 13.671 -1.172 -0.058
1556368100.631339073 141.896 -268.196 13.749 -1.177 -0.057
1556368100.731338978 142.337 -269.252 13.484 -1.181 -0.056
1556368100.831338882 142.675 -270.072 12.954 -1.185 -0.056
1556368100.931339025 143.148 -271.139 12.806 -1.182 -0.042
1556368101.031338930 143.696 -272.462 12.981 -1.184 -0.039
1556368101.131339073 144.133 -273.527 12.813 -1.187 -0.037
1556368101.231338978 144.656 -274.845 12.971 -1.192 -0.040
1556368101.331338882 145.074 -275.904 12.790 -1.196 -0.040
1556368101.431339025 145.550 -277.223 12.931 -1.209 -0.053
1556368101.531338930 145.932 -278.280 12.736 -1.217 -0.057
1556368101.631339073 146.396 -279.565 12.845 -1.224 -0.059
1556368101.731338978 146.767 -280.594 12.626 -1.229 -0.059
1556368101.831338882 147.052 -281.396 12.152 -1.234 -0.059
1556368101.931339025 147.432 -282.481 12.078 -1.239 -0.058
1556368102.031338930 147.867 -283.825 12.315 -1.250 -0.065
1556368102.131339073 148.219 -284.910 12.210 -1.258 -0.067
1556368102.231338978 148.552 -285.997 12.114 -1.268 -0.072
1556368102.331338882 148.909 -287.079 12.031 -1.269 -0.065
1556368102.431339025 149.305 -288.420 12.257 -1.280 -0.069
1556368102.531338930 149.625 -289.502 12.146 -1.287 -0.070
1556368102.631339073 149.963 -290.844 12.340 -1.305 -0.086
1556368102.731338978 150.236 -291.923 12.201 -1.317 -0.091
1556368102.831338882 150.447 -292.770 11.802 -1.326 -0.093
1556368102.931339025 150.739 -293.917 11.807 -1.333 -0.090
1556368103.031338930 151.045 -295.316 12.097 -1.349 -0.098
1556368103.131339073 151.293 -296.449 12.040 -1.359 -0.099
1556368103.231338978 151.576 -297.829 12.276 -1.371 -0.101
1556368103.331338882 151.803 -298.942 12.172 -1.379 -0.098
1556368103.431339025 152.074 -300.324 12.393 -1.387 -0.095
1556368103.531338930 152.290 -301.439 12.275 -1.393 -0.090
1556368103.631339073 152.492 -302.803 12.448 -1.411 -0.102
1556368103.731338978 152.653 -303.898 12.291 -1.423 -0.105
1556368103.831338882 152.783 -305.267 12.456 -1.450 -0.128
1556368103.931339025 152.888 -306.365 12.292 -1.467 -0.136
1556368104.031338930 152.994 -307.730 12.453 -1.488 -0.145
1556368104.131339073 153.078 -308.826 12.285 -1.501 -0.145
1556368104.231338978 153.148 -310.188 12.442 -1.520 -0.150
1556368104.331338882 153.202 -311.282 12.271 -1.532 -0.148
1556368104.431339025 153.191 -312.643 12.423 -1.561 -0.166
1556368104.531338930 153.181 -313.734 12.250 -1.579 -0.170
1556368104.631339073 153.145 -315.067 12.375 -1.600 -0.175
1556368104.731338978 153.112 -316.134 12.180 -1.614 -0.173
1556368104.831338882 153.077 -316.965 11.737 -1.627 -0.172
1556368104.931339025 152.971 -318.092 11.688 -1.652 -0.184
1556368105.031338930 152.826 -319.460 11.926 -1.677 -0.190
1556368105.131339073 152.706 -320.564 11.833 -1.693 -0.187
1556368105.231338978 152.533 -321.911 12.035 -1.712 -0.184
1556368105.331338882 152.390 -322.995 11.909 -1.724 -0.178
1556368105.431339025 152.180 -324.322 12.087 -1.741 -0.174
1556368105.531338930 151.965 -325.617 12.207 -1.755 -0.167
1556368105.631339073 151.753 -326.905 12.306 -1.763 -0.153
1556368105.731338978 151.576 -327.934 12.092 -1.770 -0.143
1556368105.831338882 151.429 -328.732 11.634 -1.778 -0.139
1556368105.931339025 151.175 -329.780 11.537 -1.798 -0.149
1556368106.031338930 150.850 -331.080 11.752 -1.817 -0.153
1556368106.131339073 150.585 -332.128 11.644 -1.830 -0.151
1556368106.231338978 150.224 -333.402 11.829 -1.849 -0.155
1556368106.331338882 149.844 -334.650 11.970 -1.868 -0.158
1556368106.431339025 149.461 -335.901 12.099 -1.882 -0.154
1556368106.531338930 149.150 -336.902 11.914 -1.892 -0.148
1556368106.631339073 148.750 -338.135 12.036 -1.903 -0.141
1556368106.731338978 148.425 -339.122 11.847 -1.911 -0.134
1556368106.831338882 148.162 -339.888 11.416 -1.920 -0.131
1556368106.931339025 147.754 -340.909 11.368 -1.939 -0.141
1556368107.031338930 147.223 -342.139 11.600 -1.965 -0.156
1556368107.131339073 146.795 -343.131 11.509 -1.982 -0.158
1556368107.231338978 146.276 -344.367 11.729 -1.992 -0.148
1556368107.331338882 145.734 -345.585 11.915 -2.004 -0.142
1556368107.431339025 145.170 -346.762 12.047 -2.021 -0.145
1556368107.531338930 144.715 -347.704 11.865 -2.033 -0.143
1556368107.631339073 144.127 -348.863 11.996 -2.048 -0.142
1556368107.731338978 143.652 -349.790 11.816 -2.058 -0.139
1556368107.831338882 143.274 -350.510 11.392 -2.068 -0.138
1556368107.931339025 142.708 -351.467 11.361 -2.090 -0.149
1556368108.031338930 142.023 -352.656 11.633 -2.105 -0.147
1556368108.131339073 141.467 -353.617 11.573 -2.115 -0.140
1556368108.231338978 140.728 -354.766 11.814 -2.137 -0.149
1556368108.331338882 140.004 -355.897 12.001 -2.151 -0.147
1556368108.431339025 139.263 -357.003 12.153 -2.168 -0.148
1556368108.531338930 138.665 -357.889 11.984 -2.179 -0.144
1556368108.631339073 137.896 -358.978 12.142 -2.194 -0.143
1556368108.731338978 137.275 -359.851 11.978 -2.204 -0.140
1556368108.831338882 136.782 -360.529 11.564 -2.214 -0.138
1556368108.931339025 136.402 -361.034 10.961 -2.225 -0.139
1556368109.031338930 135.304 -362.366 11.686 -2.254 -0.154
1556368109.131339073 134.240 -363.675 12.285 -2.269 -0.148
1556368109.231338978 133.197 -364.926 12.747 -2.282 -0.141
1556368109.331338882 132.162 -366.146 13.123 -2.292 -0.131
1556368109.431339025 131.155 -367.315 13.390 -2.300 -0.121
1556368109.531338930 130.146 -368.425 13.576 -2.313 -0.121
1556368109.631339073 129.334 -369.314 13.401 -2.323 -0.118
1556368109.731338978 128.318 -370.352 13.530 -2.340 -0.125
1556368109.831338882 127.291 -371.347 13.618 -2.361 -0.138
1556368109.931339025 126.290 -372.319 13.658 -2.376 -0.139
1556368110.031338930 125.285 -373.261 13.672 -2.392 -0.141
1556368110.131339073 124.269 -374.145 13.648 -2.414 -0.153
1556368110.231338978 123.265 -375.021 13.612 -2.430 -0.155
1556368110.331338882 122.259 -375.856 13.550 -2.448 -0.160
1556368110.431339025 121.271 -376.699 13.487 -2.458 -0.151
1556368110.531338930 120.258 -377.501 13.421 -2.475 -0.154
1556368110.631339073 119.454 -378.128 13.051 -2.488 -0.155
1556368110.731338978 118.430 -378.947 13.059 -2.495 -0.142
1556368110.831338882 117.420 -379.754 13.045 -2.499 -0.127
1556368110.931339025 116.398 -380.542 13.029 -2.506 -0.118
1556368111.031338930 115.582 -381.160 12.708 -2.513 -0.113
1556368111.131339073 114.511 -381.905 12.747 -2.529 -0.120
1556368111.231338978 113.656 -382.494 12.475 -2.541 -0.122
1556368111.331338882 112.585 -383.240 12.543 -2.549 -0.116
1556368111.431339025 111.726 -383.830 12.299 -2.556 -0.111
1556368111.531338930 110.633 -384.578 12.409 -2.561 -0.101
1556368111.631339073 109.755 -385.173 12.202 -2.566 -0.095
1556368111.731338978 108.648 -385.933 12.344 -2.566 -0.080
1556368111.831338882 107.518 -386.661 12.471 -2.574 -0.079
1556368111.931339025 106.396 -387.374 12.567 -2.581 -0.078
1556368112.031338930 105.296 -388.118 12.649 -2.577 -0.060
1556368112.131339073 104.202 -388.843 12.705 -2.576 -0.049
1556368112.231338978 103.114 -389.552 12.738 -2.576 -0.043
1556368112.331338882 102.022 -390.281 12.784 -2.573 -0.031
1556368112.431339025 101.149 -390.859 12.517 -2.572 -0.026
1556368112.531338930 100.047 -391.573 12.589 -2.572 -0.022
1556368112.631339073 99.165 -392.141 12.347 -2.574 -0.021
1556368112.731338978 98.043 -392.882 12.475 -2.570 -0.013
1556368112.831338882 97.142 -393.474 12.280 -2.569 -0.010
1556368112.931339025 95.989 -394.194 12.433 -2.575 -0.016
1556368113.031338930 94.625 -395.073 12.871 -2.574 -0.012
1556368113.131339073 93.512 -395.790 12.914 -2.573 -0.010
1556368113.231338978 92.188 -396.662 13.254 -2.569 -0.002
1556368113.331338882 91.113 -397.367 13.209 -2.567 0.001
1556368113.431339025 89.799 -398.215 13.489 -2.567 0.001
1556368113.531338930 88.737 -398.899 13.392 -2.568 -0.000
1556368113.631339073 87.461 -399.738 13.609 -2.565 0.004
1556368113.731338978 86.433 -400.412 13.459 -2.564 0.005
1556368113.831338882 85.186 -401.239 13.632 -2.561 0.009
1556368113.931339025 84.184 -401.903 13.447 -2.559 0.010
1556368114.031338930 82.936 -402.707 13.610 -2.561 0.005
1556368114.131339073 81.934 -403.354 13.416 -2.563 0.002
1556368114.231338978 80.699 -404.188 13.588 -2.558 0.010
1556368114.331338882 79.707 -404.856 13.402 -2.554 0.013
1556368114.431339025 78.440 -405.653 13.583 -2.562 -0.000
1556368114.531338930 77.423 -406.295 13.403 -2.566 -0.007
1556368114.631339073 76.163 -407.084 13.573 -2.572 -0.015
1556368114.731338978 75.152 -407.719 13.385 -2.576 -0.018
1556368114.831338882 73.888 -408.538 13.579 -2.574 -0.013
1556368114.931339025 72.871 -409.196 13.411 -2.573 -0.010
1556368115.031338930 71.601 -410.035 13.620 -2.569 -0.001
1556368115.131339073 70.578 -410.709 13.463 -2.566 0.003
1556368115.231338978 69.289 -411.516 13.666 -2.571 -0.005
1556368115.331338882 68.252 -412.167 13.502 -2.575 -0.009
1556368115.431339025 66.966 -413.000 13.712 -2.573 -0.005
1556368115.531338930 65.931 -413.670 13.554 -2.572 -0.003
1556368115.631339073 64.622 -414.509 13.784 -2.572 -0.002
1556368115.731338978 63.568 -415.185 13.640 -2.572 -0.003
1556368115.831338882 62.242 -416.029 13.880 -2.573 -0.004
1556368115.931339025 61.174 -416.709 13.741 -2.574 -0.004
1556368116.031338930 59.838 -417.558 13.983 -2.575 -0.005
1556368116.131339073 58.761 -418.243 13.842 -2.575 -0.005
1556368116.231338978 57.395 -419.085 14.098 -2.581 -0.012
1556368116.331338882 56.294 -419.766 13.965 -2.584 -0.015
1556368116.431339025 54.910 -420.609 14.224 -2.589 -0.020
1556368116.531338930 53.795 -421.291 14.092 -2.592 -0.022
1556368116.631339073 52.403 -422.139 14.348 -2.595 -0.023
1556368116.731338978 51.280 -422.824 14.210 -2.596 -0.022
1556368116.831338882 49.884 -423.677 14.459 -2.597 -0.019
1556368116.931339025 48.759 -424.365 14.313 -2.598 -0.017
1556368117.031338930 47.339 -425.212 14.570 -2.601 -0.020
1556368117.131339073 46.194 -425.895 14.428 -2.603 -0.021
1556368117.231338978 44.784 -426.753 14.668 -2.602 -0.015
1556368117.331338882 43.648 -427.442 14.511 -2.602 -0.013
1556368117.431339025 42.222 -428.295 14.754 -2.603 -0.012
1556368117.531338930 41.073 -428.981 14.596 -2.604 -0.012
1556368117.631339073 39.651 -429.876 14.851 -2.597 0.002
1556368117.731338978 38.503 -430.594 14.700 -2.592 0.008
1556368117.831338882 37.043 -431.457 14.962 -2.597 -0.001
1556368117.931339025 35.866 -432.153 14.814 -2.600 -0.005
1556368118.031338930 34.383 -433.000 15.075 -2.609 -0.018
1556368118.131339073 32.633 -433.989 15.655 -2.619 -0.030
1556368118.231338978 31.207 -434.801 15.743 -2.623 -0.032
1556368118.331338882 29.518 -435.762 16.170 -2.627 -0.031
1556368118.431339025 28.148 -436.543 16.124 -2.628 -0.029
1556368118.531338930 26.492 -437.467 16.453 -2.632 -0.030
1556368118.631339073 25.154 -438.214 16.323 -2.635 -0.030
1556368118.731338978 23.816 -438.957 16.206 -2.637 -0.029
1556368118.831338882 22.477 -439.698 16.103 -2.639 -0.028
1556368118.931339025 20.855 -440.597 16.386 -2.640 -0.025
1556368119.031338930 19.546 -441.321 16.222 -2.641 -0.022
1556368119.131339073 17.965 -442.252 16.466 -2.631 -0.003
1556368119.231338978 16.691 -442.996 16.270 -2.626 0.006
1556368119.331338882 15.101 -443.881 16.493 -2.628 0.001
1556368119.431339025 13.823 -444.592 16.278 -2.630 -0.001
1556368119.531338930 12.254 -445.460 16.469 -2.632 -0.005
1556368119.631339073 10.996 -446.157 16.230 -2.634 -0.006
1556368119.731338978 9.435 -447.051 16.433 -2.630 0.001
1556368119.831338882 8.181 -447.766 16.203 -2.628 0.004
1556368119.931339025 6.610 -448.627 16.402 -2.632 -0.003
1556368120.031338930 5.349 -449.319 16.170 -2.634 -0.007
1556368120.131339073 3.785 -450.210 16.381 -2.631 -0.001
1556368120.231338978 2.529 -450.923 16.159 -2.630 0.002
1556368120.331338882 0.955 -451.784 16.364 -2.633 -0.004
1556368120.431339025 -0.308 -452.476 16.139 -2.636 -0.007
1556368120.531338930 -1.896 -453.357 16.373 -2.636 -0.007
1556368120.631339073 -3.763 -454.371 16.935 -2.640 -0.012
1556368120.731338978 -5.283 -455.199 16.980 -2.642 -0.013
1556368120.831338882 -7.091 -456.203 17.408 -2.640 -0.008
1556368120.931339025 -8.557 -457.016 17.334 -2.639 -0.005
1556368121.031338930 -10.315 -458.003 17.660 -2.636 0.001
1556368121.131339073 -11.734 -458.797 17.500 -2.635 0.004
1556368121.231338978 -13.449 -459.764 17.753 -2.632 0.007
1556368121.331338882 -14.829 -460.539 17.532 -2.631 0.008
1556368121.431339025 -16.511 -461.487 17.737 -2.629 0.009
1556368121.531338930 -17.860 -462.246 17.478 -2.628 0.009
1556368121.631339073 -19.516 -463.177 17.654 -2.628 0.008
1556368121.731338978 -20.842 -463.923 17.374 -2.628 0.007
1556368121.831338882 -22.479 -464.841 17.535 -2.628 0.006
1556368121.931339025 -23.789 -465.577 17.247 -2.628 0.005
1556368122.031338930 -25.423 -466.522 17.435 -2.624 0.011
1556368122.131339073 -26.734 -467.279 17.171 -2.621 0.013
1556368122.231338978 -28.361 -468.202 17.349 -2.622 0.010
1556368122.331338882 -29.665 -468.943 17.079 -2.622 0.009
1556368122.431339025 -31.311 -469.842 17.272 -2.628 -0.003
1556368122.531338930 -32.629 -470.566 17.016 -2.631 -0.008
1556368122.631339073 -34.272 -471.502 17.235 -2.629 -0.003
1556368122.731338978 -35.592 -472.254 17.000 -2.628 -0.001
1556368122.831338882 -37.227 -473.177 17.205 -2.628 -0.000
1556368122.931339025 -38.539 -473.918 16.960 -2.628 -0.000
1556368123.031338930 -40.178 -474.868 17.189 -2.624 0.007
1556368123.131339073 -41.496 -475.630 16.963 -2.621 0.009
1556368123.231338978 -43.155 -476.547 17.195 -2.626 0.000
1556368123.331338882 -44.488 -477.287 16.970 -2.629 -0.004
1556368123.431339025 -46.145 -478.235 17.216 -2.626 0.000
1556368123.531338930 -47.477 -478.998 17.002 -2.625 0.002
1556368123.631339073 -49.136 -479.964 17.255 -2.621 0.009
1556368123.731338978 -50.471 -480.740 17.046 -2.618 0.011
1556368123.831338882 -52.133 -481.713 17.303 -2.615 0.015
1556368123.931339025 -53.471 -482.495 17.096 -2.613 0.016
1556368124.031338930 -55.163 -483.459 17.370 -2.616 0.009
1556368124.131339073 -56.523 -484.237 17.175 -2.617 0.006
1556368124.231338978 -58.222 -485.163 17.426 -2.626 -0.010
1556368124.331338882 -59.586 -485.912 17.211 -2.631 -0.016
1556368124.431339025 -61.292 -486.857 17.476 -2.634 -0.019
1556368124.531338930 -62.665 -487.619 17.272 -2.636 -0.019
1556368124.631339073 -64.353 -488.590 17.527 -2.631 -0.008
1556368124.731338978 -65.712 -489.369 17.313 -2.629 -0.003
1556368124.831338882 -67.389 -490.351 17.558 -2.623 0.007
1556368124.931339025 -68.740 -491.138 17.336 -2.620 0.011
1556368125.031338930 -70.449 -492.064 17.580 -2.628 -0.004
1556368125.131339073 -71.822 -492.812 17.356 -2.633 -0.011
1556368125.231338978 -73.509 -493.769 17.593 -2.631 -0.007
1556368125.331338882 -74.866 -494.539 17.363 -2.630 -0.004
1556368125.431339025 -75.927 -495.140 16.768 -2.630 -0.003
1556368125.531338930 -77.365 -495.955 16.742 -2.629 -0.001
1556368125.631339073 -79.143 -496.964 17.168 -2.627 0.001
1556368125.731338978 -80.584 -497.780 17.099 -2.627 0.002
1556368125.831338882 -82.337 -498.796 17.465 -2.623 0.009
1556368125.931339025 -83.755 -499.615 17.341 -2.620 0.011
1556368126.031338930 -85.513 -500.618 17.675 -2.620 0.009
1556368126.131339073 -87.572 -501.782 18.365 -2.622 0.003
1556368126.231338978 -89.253 -502.735 18.477 -2.624 0.001
1556368126.331338882 -91.236 -503.853 18.971 -2.625 -0.002
1556368126.431339025 -92.843 -504.761 18.913 -2.626 -0.003
1556368126.531338930 -94.754 -505.838 19.262 -2.627 -0.004
1556368126.631339073 -96.294 -506.708 19.082 -2.628 -0.005
1556368126.731338978 -98.130 -507.798 19.344 -2.620 0.010
1556368126.831338882 -100.246 -509.028 19.936 -2.617 0.013
1556368126.931339025 -101.969 -510.025 19.934 -2.616 0.013
1556368127.031338930 -103.979 -511.168 20.302 -2.618 0.006
1556368127.131339073 -105.599 -512.092 20.113 -2.619 0.003
1556368127.231338978 -107.515 -513.172 20.329 -2.623 -0.003
1556368127.331338882 -109.049 -514.039 20.019 -2.624 -0.005
1556368127.431339025 -110.872 -515.119 20.154 -2.618 0.006
1556368127.531338930 -112.330 -515.979 19.783 -2.615 0.010
1556368127.631339073 -114.129 -516.988 19.881 -2.620 0.000
1556368127.731338978 -115.563 -517.794 19.486 -2.622 -0.004
1556368127.831338882 -117.301 -518.821 19.568 -2.618 0.005
1556368127.931339025 -118.688 -519.637 19.168 -2.615 0.008
1556368128.031338930 -120.404 -520.621 19.240 -2.616 0.005
1556368128.131339073 -121.772 -521.406 18.840 -2.617 0.003
1556368128.231338978 -123.496 -522.354 18.937 -2.625 -0.010
1556368128.331338882 -124.870 -523.113 18.564 -2.629 -0.016
1556368128.431339025 -126.585 -524.095 18.703 -2.628 -0.011
1556368128.531338930 -127.957 -524.878 18.369 -2.627 -0.009
1556368128.631339073 -129.662 -525.846 18.512 -2.627 -0.007
1556368128.731338978 -131.026 -526.619 18.186 -2.627 -0.007
1556368128.831338882 -132.735 -527.615 18.371 -2.623 0.002
1556368128.931339025 -134.105 -528.411 18.081 -2.621 0.005
1556368129.031338930 -135.824 -529.424 18.297 -2.616 0.012
1556368129.131339073 -137.204 -530.234 18.034 -2.614 0.014
1556368129.231338978 -138.949 -531.208 18.259 -2.619 0.003
1556368129.331338882 -140.348 -531.993 18.003 -2.622 -0.003
1556368129.431339025 -142.093 -532.996 18.249 -2.622 -0.001
1556368129.531338930 -143.494 -533.802 18.010 -2.621 -0.000
1556368129.631339073 -145.242 -534.823 18.268 -2.618 0.005
1556368129.731338978 -146.649 -535.643 18.040 -2.616 0.007
1556368129.831338882 -148.415 -536.626 18.291 -2.622 -0.004
1556368129.931339025 -149.834 -537.419 18.057 -2.625 -0.009
1556368130.031338930 -151.595 -538.431 18.318 -2.624 -0.005
1556368130.131339073 -153.011 -539.245 18.089 -2.623 -0.003
1556368130.231338978 -154.770 -540.274 18.354 -2.619 0.004
1556368130.331338882 -156.185 -541.099 18.128 -2.617 0.007
1556368130.431339025 -157.946 -542.135 18.394 -2.614 0.011
1556368130.531338930 -159.363 -542.966 18.168 -2.612 0.013
1556368130.631339073 -161.150 -543.991 18.450 -2.614 0.007
1556368130.731338978 -162.588 -544.818 18.235 -2.615 0.004
1556368130.831338882 -164.369 -545.851 18.508 -2.615 0.003
1556368130.931339025 -165.801 -546.683 18.284 -2.615 0.003
1556368131.031338930 -167.601 -547.709 18.566 -2.618 -0.002
1556368131.131339073 -169.049 -548.536 18.348 -2.619 -0.004
1556368131.231338978 -170.860 -549.561 18.632 -2.623 -0.009
1556368131.331338882 -172.316 -550.387 18.416 -2.624 -0.010
1556368131.431339025 -174.109 -551.426 18.682 -2.622 -0.005
1556368131.531338930 -175.550 -552.260 18.449 -2.621 -0.002
1556368131.631339073 -177.355 -553.292 18.719 -2.622 -0.003
1556368131.731338978 -178.806 -554.122 18.489 -2.622 -0.003
1556368131.831338882 -180.617 -555.152 18.761 -2.623 -0.004
1556368131.931339025 -182.073 -555.981 18.530 -2.624 -0.005
1556368132.031338930 -183.888 -557.011 18.800 -2.625 -0.006
1556368132.131339073 -185.347 -557.839 18.568 -2.625 -0.006
1556368132.231338978 -187.139 -558.881 18.818 -2.622 0.001
1556368132.331338882 -188.580 -559.717 18.570 -2.620 0.004
1556368132.431339025 -190.382 -560.750 18.825 -2.620 0.003
1556368132.531338930 -191.830 -561.581 18.580 -2.620 0.003
1556368132.631339073 -193.638 -562.610 18.837 -2.621 0.000
1556368132.731338978 -195.091 -563.437 18.594 -2.622 -0.001
1556368132.831338882 -196.916 -564.418 18.839 -2.632 -0.017
1556368132.931339025 -198.380 -565.210 18.586 -2.637 -0.024
1556368133.031338930 -200.194 -566.219 18.837 -2.638 -0.021
1556368133.131339073 -201.651 -567.029 18.589 -2.639 -0.019
1556368133.231338978 -203.459 -568.055 18.843 -2.635 -0.009
1556368133.331338882 -204.914 -568.877 18.598 -2.634 -0.005
1556368133.431339025 -206.697 -569.922 18.836 -2.626 0.009
1556368133.531338930 -208.131 -570.757 18.578 -2.622 0.014
1556368133.631339073 -209.924 -571.794 18.825 -2.619 0.017
1556368133.731338978 -211.365 -572.626 18.574 -2.617 0.017
1556368133.831338882 -213.167 -573.656 18.827 -2.618 0.013
1556368133.931339025 -214.614 -574.485 18.580 -2.618 0.011
1556368134.031338930 -216.423 -575.512 18.836 -2.620 0.006
1556368134.131339073 -217.875 -576.339 18.592 -2.620 0.004
1556368134.231338978 -219.662 -577.375 18.832 -2.619 0.006
1556368134.331338882 -221.098 -578.208 18.575 -2.617 0.007
1556368134.431339025 -222.897 -579.236 18.823 -2.619 0.004
1556368134.531338930 -224.341 -580.063 18.573 -2.619 0.002
1556368134.631339073 -226.161 -581.042 18.813 -2.630 -0.016
1556368134.731338978 -227.619 -581.832 18.556 -2.635 -0.023
1556368134.831338882 -229.406 -582.847 18.788 -2.634 -0.016
1556368134.931339025 -230.841 -583.661 18.525 -2.633 -0.012
1556368135.031338930 -232.609 -584.697 18.752 -2.626 0.002
1556368135.131339073 -234.031 -585.524 18.486 -2.623 0.007
1556368135.231338978 -235.142 -586.169 17.837 -2.621 0.009
1556368135.331338882 -236.641 -587.003 17.760 -2.624 0.002
1556368135.431339025 -238.489 -588.010 18.139 -2.631 -0.010
1556368135.531338930 -239.981 -588.827 18.009 -2.635 -0.015
1556368135.631339073 -241.497 -589.642 17.918 -2.640 -0.021
1556368135.731338978 -243.035 -590.459 17.860 -2.646 -0.028
1556368135.831338882 -244.567 -591.292 17.813 -2.648 -0.026
1556368135.931339025 -246.119 -592.126 17.792 -2.650 -0.025
1556368136.031338930 -247.665 -592.976 17.775 -2.649 -0.019
1556368136.131339073 -249.230 -593.826 17.779 -2.649 -0.016
1556368136.231338978 -250.787 -594.689 17.783 -2.646 -0.008
1556368136.331338882 -252.677 -595.739 18.225 -2.642 -0.000
1556368136.431339025 -254.547 -596.763 18.584 -2.641 0.001
1556368136.531338930 -256.373 -597.776 18.849 -2.639 0.005
1556368136.631339073 -258.158 -598.775 19.035 -2.635 0.009
1556368136.731338978 -259.928 -599.748 19.170 -2.636 0.007
1556368136.831338882 -261.659 -600.711 19.244 -2.635 0.008
1556368136.931339025 -263.672 -601.846 19.691 -2.631 0.012
1556368137.031338930 -265.302 -602.763 19.577 -2.630 0.013
1556368137.131339073 -266.919 -603.622 19.432 -2.636 -0.001
1556368137.231338978 -268.508 -604.484 19.277 -2.639 -0.005
1556368137.331338882 -270.393 -605.532 19.541 -2.638 -0.002
1556368137.431339025 -271.907 -606.373 19.286 -2.637 -0.000
1556368137.531338930 -273.701 -607.412 19.453 -2.630 0.012
1556368137.631339073 -275.138 -608.239 19.123 -2.626 0.017
1556368137.731338978 -276.906 -609.199 19.239 -2.631 0.005
1556368137.831338882 -278.317 -609.968 18.873 -2.634 -0.000
1556368137.931339025 -279.728 -610.748 18.558 -2.634 -0.001
1556368138.031338930 -281.121 -611.549 18.271 -2.630 0.006
1556368138.131339073 -282.525 -612.354 18.031 -2.627 0.010
1556368138.231338978 -283.931 -613.130 17.805 -2.629 0.005
1556368138.331338882 -285.350 -613.919 17.624 -2.630 0.002
1556368138.431339025 -286.758 -614.730 17.467 -2.627 0.008
1556368138.531338930 -288.197 -615.503 17.336 -2.633 -0.003
1556368138.631339073 -289.624 -616.304 17.225 -2.632 -0.002
1556368138.731338978 -291.339 -617.321 17.538 -2.623 0.014
1556368138.831338882 -292.723 -618.137 17.369 -2.617 0.021
1556368138.931339025 -294.144 -618.910 17.232 -2.624 0.007
1556368139.031338930 -295.557 -619.710 17.119 -2.624 0.005
1556368139.131339073 -296.980 -620.484 17.013 -2.629 -0.004
1556368139.231338978 -298.398 -621.287 16.931 -2.629 -0.002
1556368139.331338882 -299.813 -622.111 16.867 -2.624 0.005
1556368139.431339025 -301.241 -622.907 16.808 -2.627 0.000
1556368139.531338930 -302.975 -623.871 17.158 -2.630 -0.004
1556368139.631339073 -304.374 -624.651 17.029 -2.631 -0.006
1556368139.731338978 -306.067 -625.648 17.331 -2.623 0.008
1556368139.831338882 -307.433 -626.449 17.159 -2.619 0.013
1556368139.931339025 -308.802 -627.267 17.020 -2.613 0.021
1556368140.031338930 -310.190 -628.051 16.896 -2.616 0.013
1556368140.131339073 -311.879 -629.043 17.207 -2.613 0.016
1556368140.231338978 -313.850 -630.168 17.841 -2.616 0.008
1556368140.331338882 -316.054 -631.459 18.730 -2.613 0.010
1556368140.431339025 -318.476 -632.844 19.787 -2.617 0.001
1556368140.531338930 -320.469 -633.987 20.156 -2.619 -0.001
1556368140.631339073 -322.696 -635.274 20.798 -2.618 -0.001
1556368140.731338978 -324.507 -636.321 20.813 -2.618 -0.000
1556368140.831338882 -326.258 -637.292 20.722 -2.624 -0.010
1556368140.931339025 -328.234 -638.439 20.968 -2.622 -0.004
1556368141.031338930 -330.427 -639.687 21.460 -2.623 -0.006
1556368141.131339073 -332.498 -640.888 21.747 -2.621 -0.001
1556368141.231338978 -334.483 -642.028 21.880 -2.621 -0.000
1556368141.331338882 -336.365 -643.127 21.871 -2.618 0.005
1556368141.431339025 -338.467 -644.326 22.140 -2.620 0.001
1556368141.531338930 -340.154 -645.289 21.828 -2.621 -0.001
1556368141.631339073 -341.768 -646.230 21.467 -2.619 0.003
1556368141.731338978 -343.336 -647.103 21.061 -2.623 -0.005
1556368141.831338882 -344.873 -647.957 20.661 -2.626 -0.011
1556368141.931339025 -346.376 -648.763 20.245 -2.634 -0.022
1556368142.031338930 -347.858 -649.567 19.856 -2.638 -0.027
1556368142.131339073 -349.316 -650.335 19.467 -2.646 -0.035
1556368142.231338978 -350.753 -651.077 19.087 -2.654 -0.044
1556368142.331338882 -352.182 -651.838 18.755 -2.657 -0.043
1556368142.431339025 -353.599 -652.580 18.437 -2.661 -0.044
1556368142.531338930 -355.016 -653.346 18.170 -2.660 -0.036
1556368142.631339073 -356.125 -653.940 17.525 -2.661 -0.032
1556368142.731338978 -357.587 -654.688 17.399 -2.666 -0.035
1556368142.831338882 -359.063 -655.423 17.295 -2.673 -0.041
1556368142.931339025 -360.550 -656.153 17.212 -2.680 -0.047
1556368143.031338930 -362.025 -656.890 17.129 -2.683 -0.044
1556368143.131339073 -363.498 -657.672 17.077 -2.678 -0.028
1556368143.231338978 -364.987 -658.441 17.041 -2.676 -0.021
1556368143.331338882 -366.488 -659.202 17.017 -2.677 -0.018
1556368143.431339025 -367.988 -659.920 16.974 -2.684 -0.028
1556368143.531338930 -369.496 -660.644 16.946 -2.689 -0.032
1556368143.631339073 -371.328 -661.533 17.341 -2.692 -0.031
1556368143.731338978 -373.141 -662.364 17.641 -2.702 -0.041
1556368143.831338882 -374.916 -663.199 17.869 -2.706 -0.040
1556368143.931339025 -376.635 -664.043 18.018 -2.702 -0.026
1556368144.031338930 -378.340 -664.831 18.106 -2.706 -0.029
1556368144.131339073 -380.014 -665.625 18.156 -2.706 -0.024
1556368144.231338978 -381.674 -666.372 18.163 -2.712 -0.030
1556368144.331338882 -383.285 -667.144 18.128 -2.709 -0.020
1556368144.431339025 -384.887 -667.871 18.068 -2.713 -0.023
1556368144.531338930 -386.481 -668.567 17.990 -2.720 -0.032
1556368144.631339073 -388.031 -669.297 17.892 -2.717 -0.021
1556368144.731338978 -389.881 -670.126 18.167 -2.720 -0.022
1556368144.831338882 -391.370 -670.792 17.954 -2.722 -0.022
1556368144.931339025 -392.861 -671.437 17.758 -2.727 -0.027
1556368145.031338930 -394.353 -672.067 17.578 -2.734 -0.034
1556368145.131339073 -396.145 -672.827 17.797 -2.739 -0.037
1556368145.231338978 -397.584 -673.437 17.548 -2.743 -0.037
1556368145.331338882 -399.007 -674.053 17.313 -2.743 -0.032
1556368145.431339025 -400.440 -674.664 17.114 -2.744 -0.029
1556368145.531338930 -402.191 -675.369 17.318 -2.752 -0.037
1556368145.631339073 -403.596 -675.935 17.069 -2.757 -0.039
1556368145.731338978 -404.990 -676.522 16.845 -2.756 -0.032
1556368145.831338882 -406.388 -677.076 16.637 -2.761 -0.036
1556368145.931339025 -407.799 -677.648 16.475 -2.763 -0.033
1556368146.031338930 -409.213 -678.196 16.325 -2.768 -0.037
1556368146.131339073 -410.651 -678.719 16.207 -2.778 -0.047
1556368146.231338978 -412.077 -679.285 16.108 -2.778 -0.039
1556368146.331338882 -413.505 -679.834 16.017 -2.780 -0.037
1556368146.431339025 -414.936 -680.373 15.933 -2.784 -0.037
1556368146.531338930 -416.066 -680.797 15.489 -2.787 -0.036
1556368146.631339073 -417.545 -681.378 15.536 -2.783 -0.025
1556368146.731338978 -419.026 -681.949 15.575 -2.782 -0.020
1556368146.831338882 -420.506 -682.511 15.605 -2.783 -0.017
1556368146.931339025 -421.985 -683.066 15.628 -2.784 -0.017
1556368147.031338930 -423.483 -683.609 15.665 -2.789 -0.021
1556368147.131339073 -424.976 -684.153 15.691 -2.792 -0.023
1556368147.231338978 -426.464 -684.697 15.709 -2.793 -0.022
1556368147.331338882 -427.947 -685.242 15.721 -2.794 -0.019
1556368147.431339025 -429.435 -685.738 15.717 -2.804 -0.031
1556368147.531338930 -430.615 -686.133 15.340 -2.810 -0.037
1556368147.631339073 -432.142 -686.664 15.436 -2.812 -0.035
1556368147.731338978 -433.659 -687.206 15.515 -2.811 -0.026
1556368147.831338882 -435.177 -687.708 15.570 -2.817 -0.032
1556368147.931339025 -437.010 -688.294 15.994 -2.825 -0.040
1556368148.031338930 -438.793 -688.897 16.320 -2.825 -0.032
1556368148.131339073 -440.558 -689.451 16.572 -2.833 -0.038
1556368148.231338978 -442.282 -689.975 16.739 -2.841 -0.045
1556368148.331338882 -443.957 -690.527 16.844 -2.839 -0.034
1556368148.431339025 -445.296 -690.964 16.527 -2.838 -0.028
1556368148.531338930 -446.962 -691.457 16.625 -2.846 -0.036
1556368148.631339073 -448.594 -691.933 16.669 -2.853 -0.041
1556368148.731338978 -450.186 -692.448 16.677 -2.848 -0.028
1556368148.831338882 -451.773 -692.933 16.668 -2.850 -0.025
1556368148.931339025 -453.334 -693.401 16.626 -2.852 -0.025
1556368149.031338930 -454.872 -693.857 16.560 -2.854 -0.025
1556368149.131339073 -456.389 -694.304 16.475 -2.857 -0.025
1556368149.231338978 -457.888 -694.744 16.377 -2.859 -0.024
1556368149.331338882 -459.391 -695.172 16.292 -2.862 -0.026
1556368149.431339025 -460.578 -695.509 15.837 -2.865 -0.027
1556368149.531338930 -462.093 -695.897 15.814 -2.875 -0.039
1556368149.631339073 -463.586 -696.350 15.790 -2.870 -0.024
1556368149.731338978 -465.096 -696.743 15.769 -2.877 -0.032
1556368149.831338882 -466.591 -697.150 15.739 -2.880 -0.031
1556368149.931339025 -468.075 -697.568 15.702 -2.878 -0.024
1556368150.031338930 -469.568 -697.988 15.681 -2.877 -0.018
1556368150.131339073 -471.051 -698.416 15.653 -2.873 -0.009
1556368150.231338978 -472.525 -698.850 15.620 -2.868 -0.000
1556368150.331338882 -474.011 -699.281 15.604 -2.866 0.004
1556368150.431339025 -475.190 -699.621 15.220 -2.864 0.006
1556368150.531338930 -476.721 -700.014 15.289 -2.872 -0.007
1556368150.631339073 -478.241 -700.424 15.342 -2.875 -0.010
1556368150.731338978 -479.769 -700.841 15.400 -2.876 -0.010
1556368150.831338882 -481.293 -701.220 15.434 -2.884 -0.021
1556368150.931339025 -482.821 -701.614 15.476 -2.887 -0.024
1556368151.031338930 -484.336 -702.028 15.503 -2.885 -0.017
1556368151.131339073 -485.857 -702.450 15.536 -2.882 -0.009
1556368151.231338978 -487.366 -702.883 15.555 -2.876 0.002
1556368151.331338882 -488.863 -703.325 15.562 -2.869 0.012
1556368151.431339025 -490.053 -703.672 15.197 -2.866 0.017
1556368151.531338930 -491.594 -704.076 15.282 -2.871 0.006
1556368151.631339073 -493.148 -704.439 15.360 -2.884 -0.016
1556368151.731338978 -494.712 -704.773 15.431 -2.901 -0.040
1556368151.831338882 -496.254 -705.146 15.481 -2.905 -0.041
1556368151.931339025 -497.804 -705.492 15.528 -2.914 -0.048
1556368152.031338930 -499.630 -705.985 15.918 -2.905 -0.024
1556368152.131339073 -501.412 -706.437 16.204 -2.902 -0.016
1556368152.231338978 -503.165 -706.902 16.427 -2.896 -0.003
1556368152.331338882 -504.575 -707.271 16.213 -2.894 0.001
1556368152.431339025 -506.284 -707.668 16.368 -2.900 -0.009
1556368152.531338930 -507.948 -708.094 16.462 -2.898 -0.004
1556368152.631339073 -509.599 -708.482 16.520 -2.903 -0.011
1556368152.731338978 -511.191 -708.905 16.515 -2.897 0.000
1556368152.831338882 -512.758 -709.294 16.473 -2.897 -0.001
1556368152.931339025 -514.321 -709.651 16.423 -2.904 -0.011
1556368153.031338930 -515.860 -709.991 16.347 -2.911 -0.021
1556368153.131339073 -517.385 -710.267 16.247 -2.928 -0.046
1556368153.231338978 -518.887 -710.550 16.136 -2.940 -0.058
1556368153.331338882 -520.071 -710.772 15.665 -2.948 -0.063
1556368153.431339025 -521.550 -711.132 15.614 -2.940 -0.040
1556368153.531338930 -523.021 -711.481 15.557 -2.934 -0.024
1556368153.631339073 -524.485 -711.822 15.496 -2.929 -0.013
1556368153.731338978 -525.948 -712.106 15.429 -2.937 -0.023
1556368153.831338882 -527.404 -712.400 15.364 -2.940 -0.025
1556368153.931339025 -528.855 -712.701 15.302 -2.941 -0.023
1556368154.031338930 -530.289 -712.962 15.218 -2.949 -0.032
1556368154.131339073 -531.724 -713.190 15.139 -2.962 -0.048
1556368154.231338978 -533.156 -713.447 15.071 -2.967 -0.047
1556368154.331338882 -534.287 -713.648 14.660 -2.970 -0.047
1556368154.431339025 -535.741 -713.861 14.663 -2.982 -0.058
1556368154.531338930 -536.895 -714.030 14.318 -2.990 -0.063
1556368154.631339073 -538.365 -714.281 14.388 -2.990 -0.052
1556368154.731338978 -539.839 -714.515 14.450 -2.992 -0.048
1556368154.831338882 -541.315 -714.738 14.507 -2.996 -0.046
1556368154.931339025 -542.774 -714.957 14.536 -2.999 -0.043
1556368155.031338930 -544.236 -715.170 14.564 -3.002 -0.041
1556368155.131339073 -545.685 -715.332 14.565 -3.014 -0.054
1556368155.231338978 -547.116 -715.508 14.550 -3.020 -0.055
1556368155.331338882 -548.833 -715.745 14.871 -3.019 -0.044
1556368155.431339025 -550.507 -715.935 15.099 -3.026 -0.047
1556368155.531338930 -552.152 -716.138 15.271 -3.028 -0.041
1556368155.631339073 -553.753 -716.355 15.373 -3.024 -0.029
1556368155.731338978 -555.317 -716.527 15.416 -3.029 -0.032
1556368155.831338882 -556.846 -716.668 15.409 -3.038 -0.042
1556368155.931339025 -558.358 -716.834 15.387 -3.040 -0.037
1556368156.031338930 -560.125 -716.980 15.657 -3.050 -0.047
1556368156.131339073 -561.548 -717.099 15.499 -3.056 -0.050
1556368156.231338978 -563.231 -717.214 15.658 -3.066 -0.057
1556368156.331338882 -564.861 -717.376 15.741 -3.063 -0.043
1556368156.431339025 -566.726 -717.534 16.086 -3.065 -0.037
1556368156.531338930 -568.518 -717.677 16.303 -3.067 -0.034
1556368156.631339073 -570.239 -717.807 16.415 -3.069 -0.032
1556368156.731338978 -571.880 -717.931 16.420 -3.071 -0.030
1556368156.831338882 -573.465 -718.047 16.360 -3.073 -0.028
1556368156.931339025 -575.001 -718.157 16.250 -3.074 -0.026
1556368157.031338930 -576.212 -718.241 15.777 -3.076 -0.026
1556368157.131339073 -577.681 -718.400 15.661 -3.066 -0.005
1556368157.231338978 -579.102 -718.544 15.503 -3.059 0.006
1556368157.331338882 -580.501 -718.673 15.336 -3.056 0.010
1556368157.431339025 -581.863 -718.793 15.145 -3.055 0.011
1556368157.531338930 -583.212 -718.904 14.960 -3.055 0.008
1556368157.631339073 -584.532 -719.009 14.764 -3.057 0.005
1556368157.731338978 -585.830 -719.110 14.564 -3.058 0.002
1556368157.831338882 -587.127 -719.206 14.385 -3.061 -0.002
1556368157.931339025 -588.410 -719.249 14.205 -3.074 -0.022
1556368158.031338930 -589.413 -719.285 13.725 -3.082 -0.032
1556368158.131339073 -590.720 -719.303 13.648 -3.097 -0.051
1556368158.231338978 -592.016 -719.345 13.569 -3.105 -0.055
1556368158.331338882 -593.302 -719.406 13.491 -3.106 -0.049
1556368158.431339025 -594.582 -719.433 13.412 -3.114 -0.054
1556368158.531338930 -595.874 -719.485 13.357 -3.115 -0.047
1556368158.631339073 -597.160 -719.507 13.301 -3.122 -0.050
1556368158.731338978 -598.442 -719.509 13.246 -3.131 -0.057
1556368158.831338882 -599.736 -719.547 13.213 -3.131 -0.048
1556368158.931339025 -601.026 -719.563 13.178 -3.134 -0.046
1556368159.031338930 -602.047 -719.573 12.837 -3.137 -0.045
1556368159.131339073 -603.378 -719.610 12.892 -3.134 -0.033
1556368159.231338978 -604.703 -719.629 12.934 -3.135 -0.029
1556368159.331338882 -606.040 -719.633 12.986 -3.138 -0.030
1556368159.431339025 -607.371 -719.628 13.023 -3.143 -0.033
1556368159.531338930 -608.694 -719.616 13.049 -3.148 -0.035
1556368159.631339073 -610.029 -719.601 13.084 -3.153 -0.037
1556368159.731338978 -611.356 -719.584 13.106 -3.156 -0.036
1556368159.831338882 -612.693 -719.567 13.138 -3.159 -0.035
1556368159.931339025 -614.040 -719.551 13.176 -3.160 -0.032
1556368160.031338930 -615.111 -719.535 12.894 -3.162 -0.030
1556368160.131339073 -616.469 -719.522 12.973 -3.161 -0.024
1556368160.231338978 -617.835 -719.510 13.053 -3.160 -0.019
1556368160.331338882 -619.190 -719.498 13.111 -3.158 -0.013
1556368160.431339025 -620.553 -719.488 13.171 -3.157 -0.009
1556368160.531338930 -621.903 -719.428 13.212 -3.167 -0.022
1556368160.631339073 -623.260 -719.382 13.255 -3.171 -0.026
1556368160.731338978 -624.606 -719.347 13.279 -3.172 -0.023
1556368160.831338882 -625.940 -719.322 13.288 -3.171 -0.018
1556368160.931339025 -627.283 -719.305 13.305 -3.167 -0.010
1556368161.031338930 -628.350 -719.289 13.002 -3.166 -0.006
1556368161.131339073 -629.702 -719.282 13.062 -3.160 0.002
1556368161.231338978 -631.045 -719.276 13.105 -3.156 0.009
1556368161.331338882 -632.379 -719.270 13.133 -3.152 0.014
1556368161.431339025 -633.704 -719.215 13.148 -3.160 -0.001
1556368161.531338930 -635.021 -719.172 13.152 -3.165 -0.007
1556368161.631339073 -636.332 -719.140 13.149 -3.166 -0.008
1556368161.731338978 -637.637 -719.117 13.138 -3.164 -0.005
1556368161.831338882 -638.936 -719.049 13.123 -3.174 -0.018
1556368161.931339025 -640.248 -719.000 13.125 -3.177 -0.020
1556368162.031338930 -641.289 -718.961 12.814 -3.179 -0.020
1556368162.131339073 -642.602 -718.890 12.853 -3.186 -0.027
1556368162.231338978 -643.913 -718.840 12.884 -3.186 -0.024
1556368162.331338882 -645.220 -718.807 12.907 -3.182 -0.015
1556368162.431339025 -646.523 -718.736 12.924 -3.188 -0.021
1556368162.531338930 -647.824 -718.688 12.936 -3.187 -0.016
1556368162.631339073 -649.121 -718.607 12.944 -3.193 -0.023
1556368162.731338978 -650.399 -718.551 12.927 -3.193 -0.019
1556368162.831338882 -651.677 -718.516 12.911 -3.187 -0.008
1556368162.931339025 -652.955 -718.496 12.896 -3.179 0.005
1556368163.031338930 -653.968 -718.478 12.578 -3.175 0.011
1556368163.131339073 -655.259 -718.428 12.617 -3.175 0.008
1556368163.231338978 -656.551 -718.394 12.654 -3.172 0.012
1556368163.331338882 -657.826 -718.372 12.666 -3.167 0.017
1556368163.431339025 -659.103 -718.308 12.681 -3.173 0.006
1556368163.531338930 -660.366 -718.263 12.676 -3.174 0.004
1556368163.631339073 -661.632 -718.233 12.676 -3.171 0.008
1556368163.731338978 -662.883 -718.163 12.659 -3.178 -0.004
1556368163.831338882 -664.122 -718.114 12.631 -3.179 -0.005
1556368163.931339025 -665.369 -718.082 12.612 -3.176 0.000
1556368164.031338930 -666.356 -718.055 12.299 -3.174 0.003
1556368164.131339073 -667.610 -718.045 12.326 -3.167 0.013
1556368164.231338978 -668.871 -717.990 12.361 -3.171 0.005
1556368164.331338882 -670.122 -717.952 12.379 -3.171 0.004
1556368164.431339025 -671.363 -717.925 12.385 -3.168 0.008
1556368164.531338930 -672.596 -717.907 12.379 -3.164 0.013
1556368164.631339073 -674.067 -717.848 12.650 -3.169 0.004
1556368164.731338978 -675.504 -717.805 12.849 -3.170 0.002
1556368164.831338882 -676.907 -717.774 12.987 -3.167 0.005
1556368164.931339025 -678.032 -717.749 12.788 -3.166 0.006
1556368165.031338930 -679.386 -717.735 12.875 -3.161 0.013
1556368165.131339073 -680.714 -717.725 12.922 -3.156 0.018
1556368165.231338978 -682.001 -717.718 12.918 -3.152 0.021
1556368165.331338882 -683.252 -717.711 12.871 -3.149 0.023
1556368165.431339025 -684.489 -717.705 12.814 -3.146 0.024
1556368165.531338930 -685.695 -717.700 12.728 -3.144 0.023
1556368165.631339073 -686.856 -717.644 12.601 -3.155 0.005
1556368165.731338978 -687.998 -717.600 12.465 -3.161 -0.005
1556368165.831338882 -689.122 -717.567 12.326 -3.164 -0.009
1556368165.931339025 -690.004 -717.541 11.923 -3.166 -0.010
1556368166.031338930 -691.113 -717.571 11.828 -3.153 0.010
1556368166.131339073 -692.198 -717.593 11.715 -3.144 0.021
1556368166.231338978 -693.262 -717.608 11.591 -3.138 0.027
1556368166.331338882 -694.308 -717.617 11.462 -3.135 0.028
1556368166.431339025 -695.339 -717.621 11.331 -3.133 0.027
1556368166.531338930 -696.360 -717.621 11.202 -3.133 0.023
1556368166.631339073 -697.353 -717.617 11.057 -3.134 0.018
1556368166.731338978 -698.342 -717.610 10.923 -3.136 0.013
1556368166.831338882 -699.311 -717.601 10.781 -3.139 0.008
1556368166.931339025 -700.068 -717.596 10.412 -3.140 0.005
1556368167.031338930 -701.028 -717.583 10.319 -3.143 -0.000
1556368167.131339073 -701.977 -717.570 10.224 -3.146 -0.004
1556368167.231338978 -702.899 -717.603 10.109 -3.136 0.010
1556368167.331338882 -703.816 -717.626 10.002 -3.131 0.016
1556368167.431339025 -704.711 -717.639 9.882 -3.129 0.017
1556368167.531338930 -705.589 -717.646 9.756 -3.129 0.015
1556368167.631339073 -706.452 -717.646 9.627 -3.130 0.011
