1556368082.631339073 12.204 -22.308 0.000 -1.140 58.16250
1556368082.731338978 12.962 -23.647 0.000 -1.140 58.30000
1556368082.831338882 13.719 -25.097 0.000 -1.140 58.30000
1556368082.931339025 14.975 -28.105 0.000 -1.140 58.23125
1556368083.031338930 15.732 -29.554 0.000 -1.140 58.30000
1556368083.131339073 16.404 -31.003 0.000 -1.140 58.43750
1556368083.231338978 17.161 -32.453 0.000 -1.140 58.50625
1556368083.331338882 17.917 -33.903 0.000 -1.140 58.50625
1556368083.431339025 18.674 -35.352 0.000 -1.140 58.36875
1556368083.531338930 19.431 -36.802 0.000 -1.140 58.64375
1556368083.631339073 20.188 -38.252 0.000 -1.140 58.57500
1556368083.731338978 20.945 -39.702 0.000 -1.140 58.71250
1556368083.831338882 21.702 -41.151 0.000 -1.140 58.50625
1556368083.931339025 22.459 -42.601 0.000 -1.140 58.71250
1556368084.031338930 23.301 -44.051 0.000 -1.140 58.57500
1556368084.131339073 24.058 -45.501 0.000 -1.140 58.78125
1556368084.231338978 24.815 -46.951 0.000 -1.140 58.50625
1556368084.331338882 25.572 -48.400 0.000 -1.140 58.78125
1556368084.431339025 26.329 -49.850 0.000 -1.140 58.57500
1556368084.531338930 27.085 -51.411 0.000 -1.140 58.78125
1556368084.631339073 27.842 -52.861 0.000 -1.140 58.71250
1556368084.731338978 28.599 -54.310 0.000 -1.140 58.78125
1556368084.831338882 28.599 -54.310 0.000 -1.140 58.71250
1556368084.931339025 30.113 -57.210 0.000 -1.140 58.78125
1556368085.031338930 30.870 -58.659 0.000 -1.140 58.71250
1556368085.131339073 31.627 -60.109 0.000 -1.140 58.78125
1556368085.231338978 32.384 -61.559 0.000 -1.140 58.78125
1556368085.331338882 33.226 -63.009 0.000 -1.140 58.78125
1556368085.431339025 33.983 -64.459 0.000 -1.140 58.78125
1556368085.531338930 34.739 -66.020 0.000 -1.140 58.85000
1556368085.631339073 35.496 -67.469 0.000 -1.140 58.78125
1556368085.731338978 36.253 -68.919 0.000 -1.140 58.78125
1556368085.831338882 37.010 -70.369 0.000 -1.140 58.78125
1556368085.931339025 37.767 -71.818 0.000 -1.140 58.78125
1556368086.031338930 38.609 -73.269 0.000 -1.140 58.78125
1556368086.131339073 39.366 -74.719 0.000 -1.140 58.78125
1556368086.231338978 40.123 -76.168 0.000 -1.140 58.91875
1556368086.331338882 40.880 -77.618 0.000 -1.140 58.85000
1556368086.431339025 41.637 -79.068 0.000 -1.140 59.05625
1556368086.531338930 42.478 -80.629 0.000 -1.140 58.85000
1556368086.631339073 43.235 -82.079 0.000 -1.140 58.85000
1556368086.731338978 43.992 -83.529 0.000 -1.100 59.05625
1556368086.831338882 44.749 -84.978 0.000 -1.100 59.05625
1556368086.931339025 45.506 -86.428 0.000 -1.100 58.78125
1556368087.031338930 46.349 -87.878 0.000 -1.100 58.98750
1556368087.131339073 47.105 -89.328 0.000 -1.100 58.98750
1556368087.231338978 47.862 -90.778 0.000 -1.100 59.05625
1556368087.331338882 48.619 -92.228 0.000 -1.100 58.78125
1556368087.431339025 49.376 -93.677 0.000 -1.100 58.98750
1556368087.531338930 50.133 -95.127 0.000 -1.099 58.78125
1556368087.631339073 50.977 -96.466 0.000 -1.099 58.98750
1556368087.731338978 51.734 -97.916 0.000 -1.099 58.78125
1556368087.831338882 51.734 -97.916 0.000 -1.099 58.85000
1556368087.931339025 53.247 -100.816 0.000 -1.099 58.78125
1556368088.031338930 54.004 -102.265 0.000 -1.099 58.78125
1556368088.131339073 54.761 -103.715 0.000 -1.099 58.50625
1556368088.231338978 55.518 -105.165 0.000 -1.099 58.64375
1556368088.331338882 56.276 -106.503 0.000 -1.099 58.43750
1556368088.431339025 57.033 -107.953 0.000 -1.099 58.57500
1556368088.531338930 57.790 -109.403 0.000 -1.099 58.23125
1556368088.631339073 58.548 -110.741 0.000 -1.099 58.30000
1556368088.731338978 59.305 -112.191 0.000 -1.099 58.23125
1556368088.831338882 59.305 -112.191 0.000 -1.099 57.95625
1556368088.931339025 59.305 -112.191 0.000 -1.099 57.81875
1556368089.031338930 61.662 -116.430 0.000 -1.099 57.88750
1556368089.131339073 62.419 -117.880 0.000 -1.099 57.88750
1556368089.231338978 63.177 -119.218 0.000 -1.099 57.61250
1556368089.331338882 63.934 -120.668 0.000 -1.099 57.54375
1556368089.431339025 64.692 -122.007 0.000 -1.099 57.40625
1556368089.531338930 65.449 -123.456 0.000 -1.099 57.54375
1556368089.631339073 66.206 -124.906 0.000 -1.099 57.20000
1556368089.731338978 66.964 -126.245 0.000 -1.099 57.20000
1556368089.831338882 66.964 -126.245 0.000 -1.099 56.99375
1556368089.931339025 68.393 -129.033 0.000 -1.099 56.99375
1556368090.031338930 69.151 -130.371 0.000 -1.099 56.85625
1556368090.131339073 69.908 -131.821 0.000 -1.099 56.92500
1556368090.231338978 70.666 -133.160 0.000 -1.099 56.85625
1556368090.331338882 71.423 -134.609 0.000 -1.099 56.85625
1556368090.431339025 72.181 -135.948 0.000 -1.099 56.58125
1556368090.531338930 72.939 -137.287 0.000 -1.099 56.51250
1556368090.631339073 73.610 -138.736 0.000 -1.099 56.44375
1556368090.731338978 74.368 -140.074 0.000 -1.099 56.37500
1556368090.831338882 74.368 -140.074 0.000 -1.099 56.30625
1556368090.931339025 75.884 -142.752 0.000 -1.098 56.30625
1556368091.031338930 76.642 -144.091 0.000 -1.098 56.30625
1556368091.131339073 77.313 -145.539 0.000 -1.098 55.96250
1556368091.231338978 78.071 -146.878 0.000 -1.098 55.96250
1556368091.331338882 78.829 -148.217 0.000 -1.098 55.75625
1556368091.431339025 79.586 -149.667 0.000 -1.098 55.68750
1556368091.531338930 80.344 -151.005 0.000 -1.098 55.61875
1556368091.631339073 81.017 -152.343 0.000 -1.098 55.34375
1556368091.731338978 81.775 -153.682 0.000 -1.098 55.41250
1556368091.831338882 81.775 -153.682 0.000 -1.098 55.06875
1556368091.931339025 83.289 -156.470 0.000 -1.098 55.06875
1556368092.031338930 84.047 -157.809 0.000 -1.098 55.00000
1556368092.131339073 84.719 -159.258 0.000 -1.098 55.06875
1556368092.231338978 84.719 -159.258 0.000 -1.098 55.06875
1556368092.331338882 86.235 -161.935 0.000 -1.098 55.06875
1556368092.431339025 86.235 -161.935 0.000 -1.098 54.93125
1556368092.531338930 87.664 -164.723 0.000 -1.098 54.79375
1556368092.631339073 87.664 -164.723 0.000 -1.098 55.20625
1556368092.731338978 89.179 -167.511 0.000 -1.098 55.13750
1556368092.831338882 89.179 -167.511 0.000 -1.098 55.27500
1556368092.931339025 90.609 -170.188 0.000 -1.098 55.06875
1556368093.031338930 90.609 -170.188 0.000 -1.098 55.06875
1556368093.131339073 92.124 -172.977 0.000 -1.098 55.06875
1556368093.231338978 92.124 -172.977 0.000 -1.098 55.00000
1556368093.331338882 93.554 -175.653 0.000 -1.097 55.13750
1556368093.431339025 93.554 -175.653 0.000 -1.097 54.93125
1556368093.531338930 95.069 -178.442 0.000 -1.097 55.06875
1556368093.631339073 95.069 -178.442 0.000 -1.097 55.00000
1556368093.731338978 96.500 -181.118 0.000 -1.097 54.93125
1556368093.831338882 96.500 -181.118 0.000 -1.097 55.00000
1556368093.931339025 97.930 -183.795 0.000 -1.097 54.86250
1556368094.031338930 97.930 -183.795 0.000 -1.097 54.93125
1556368094.131339073 99.446 -186.472 0.000 -1.101 54.72500
1556368094.231338978 99.446 -186.472 0.000 -1.101 54.86250
1556368094.331338882 100.876 -189.149 0.000 -1.101 54.72500
1556368094.431339025 100.876 -189.149 0.000 -1.101 54.72500
1556368094.531338930 102.308 -191.715 0.000 -1.101 54.65625
1556368094.631339073 102.308 -191.715 0.000 -1.101 54.72500
1556368094.731338978 103.738 -194.391 0.000 -1.101 54.65625
1556368094.831338882 103.738 -194.391 0.000 -1.101 54.45000
1556368094.931339025 103.738 -194.391 0.000 -1.101 54.31250
1556368095.031338930 105.169 -196.957 0.000 -1.101 54.03750
1556368095.131339073 106.601 -199.523 0.000 -1.102 54.10625
1556368095.231338978 106.601 -199.523 0.000 -1.102 53.96875
1556368095.331338882 107.946 -202.087 0.000 -1.102 53.55625
1556368095.431339025 107.946 -202.087 0.000 -1.102 53.55625
1556368095.531338930 109.377 -204.764 0.000 -1.102 53.48750
1556368095.631339073 109.377 -204.764 0.000 -1.102 53.41875
1556368095.731338978 110.808 -207.330 0.000 -1.102 53.00625
1556368095.831338882 110.808 -207.330 0.000 -1.102 52.86875
1556368095.931339025 110.808 -207.330 0.000 -1.102 52.73125
1556368096.031338930 112.154 -209.895 0.000 -1.103 52.59375
1556368096.131339073 113.585 -212.460 0.000 -1.103 52.45625
1556368096.231338978 113.585 -212.460 0.000 -1.103 52.25000
1556368096.331338882 114.931 -215.025 0.000 -1.103 52.18125
1556368096.431339025 114.931 -215.025 0.000 -1.103 51.97500
1556368096.531338930 116.363 -217.591 0.000 -1.103 51.97500
1556368096.631339073 116.363 -217.591 0.000 -1.103 52.18125
1556368096.731338978 117.794 -220.157 0.000 -1.103 52.04375
1556368096.831338882 117.794 -220.157 0.000 -1.103 52.04375
1556368096.931339025 117.794 -220.157 0.000 -1.103 52.11250
1556368097.031338930 119.140 -222.721 0.000 -1.103 52.04375
1556368097.131339073 120.486 -225.286 0.000 -1.103 52.18125
1556368097.231338978 120.486 -225.286 0.000 -1.103 52.11250
1556368097.331338882 121.832 -227.740 0.000 -1.103 52.18125
1556368097.431339025 121.832 -227.740 0.000 -1.103 52.04375
1556368097.531338930 123.178 -230.305 0.000 -1.103 52.04375
1556368097.631339073 123.178 -230.305 0.000 -1.103 51.97500
1556368097.731338978 124.525 -232.759 0.000 -1.104 51.90625
1556368097.831338882 124.525 -232.759 0.000 -1.104 51.90625
1556368097.931339025 124.525 -232.759 0.000 -1.104 51.76875
1556368098.031338930 125.872 -235.213 0.000 -1.104 51.35625
1556368098.131339073 127.133 -237.666 0.000 -1.104 51.35625
1556368098.231338978 127.133 -237.666 0.000 -1.104 51.01250
1556368098.331338882 128.394 -240.119 0.000 -1.104 51.28750
1556368098.431339025 128.394 -240.119 0.000 -1.104 50.60000
1556368098.531338930 129.657 -242.461 0.000 -1.104 50.46250
1556368098.631339073 129.657 -242.461 0.000 -1.104 50.46250
1556368098.731338978 130.918 -244.915 0.000 -1.104 50.05000
1556368098.831338882 130.918 -244.915 0.000 -1.104 49.84375
1556368098.931339025 130.918 -244.915 0.000 -1.104 49.84375
1556368099.031338930 132.095 -247.256 0.000 -1.104 49.63750
1556368099.131339073 133.356 -249.709 0.000 -1.104 49.22500
1556368099.231338978 134.533 -252.051 0.000 -1.104 49.15625
1556368099.331338882 134.533 -252.051 0.000 -1.104 48.88125
1556368099.431339025 135.624 -254.391 0.000 -1.105 48.88125
1556368099.531338930 135.624 -254.391 0.000 -1.105 48.26250
1556368099.631339073 136.801 -256.733 0.000 -1.105 48.26250
1556368099.731338978 136.801 -256.733 0.000 -1.105 48.19375
1556368099.831338882 136.801 -256.733 0.000 -1.105 47.64375
1556368099.931339025 137.892 -259.073 0.000 -1.105 47.71250
1556368100.031338930 138.983 -261.414 0.000 -1.105 47.57500
1556368100.131339073 138.983 -261.414 0.000 -1.105 47.16250
1556368100.231338978 139.989 -263.754 0.000 -1.105 47.16250
1556368100.331338882 139.989 -263.754 0.000 -1.105 46.95625
1556368100.431339025 140.994 -266.094 0.000 -1.105 46.88750
1556368100.531338930 140.994 -266.094 0.000 -1.105 46.95625
1556368100.631339073 142.000 -268.433 0.000 -1.105 46.33750
1556368100.731338978 142.000 -268.433 0.000 -1.105 46.13125
1556368100.831338882 142.000 -268.433 0.000 -1.105 46.20000
1556368100.931339025 143.007 -270.662 0.000 -1.105 45.85625
1556368101.031338930 143.927 -273.001 0.000 -1.108 45.65000
1556368101.131339073 143.927 -273.001 0.000 -1.108 45.65000
1556368101.231338978 144.847 -275.341 0.000 -1.108 45.58125
1556368101.331338882 144.847 -275.341 0.000 -1.108 45.16875
1556368101.431339025 145.682 -277.679 0.000 -1.108 45.16875
1556368101.531338930 145.682 -277.679 0.000 -1.108 45.16875
1556368101.631339073 146.517 -279.906 0.000 -1.108 44.89375
1556368101.731338978 146.517 -279.906 0.000 -1.108 44.82500
1556368101.831338882 146.517 -279.906 0.000 -1.108 44.82500
1556368101.931339025 147.352 -282.245 0.000 -1.108 44.48125
1556368102.031338930 148.101 -284.582 0.000 -1.107 44.41250
1556368102.131339073 148.101 -284.582 0.000 -1.107 44.41250
1556368102.231338978 148.433 -285.695 0.000 -1.107 44.34375
1556368102.331338882 148.851 -286.809 0.000 -1.107 44.00000
1556368102.431339025 149.515 -289.146 0.000 -1.107 44.00000
1556368102.531338930 149.515 -289.146 0.000 -1.107 43.93125
1556368102.631339073 150.093 -291.482 0.000 -1.107 43.58750
1556368102.731338978 150.093 -291.482 0.000 -1.107 43.72500
1556368102.831338882 150.093 -291.482 0.000 -1.107 43.58750
1556368102.931339025 150.755 -293.930 0.000 -1.107 43.31250
1556368103.031338930 151.248 -296.265 0.000 -1.107 43.31250
1556368103.131339073 151.248 -296.265 0.000 -1.107 43.38125
1556368103.231338978 151.740 -298.600 0.000 -1.107 43.24375
1556368103.331338882 151.740 -298.600 0.000 -1.107 42.96875
1556368103.431339025 152.232 -301.047 0.000 -1.107 43.03750
1556368103.531338930 152.232 -301.047 0.000 -1.107 43.10625
1556368103.631339073 152.553 -303.381 0.000 -1.107 43.03750
1556368103.731338978 152.553 -303.381 0.000 -1.107 43.03750
1556368103.831338882 152.788 -305.825 0.000 -1.107 43.24375
1556368103.931339025 152.788 -305.825 0.000 -1.107 43.31250
1556368104.031338930 153.023 -308.269 0.000 -1.107 43.17500
1556368104.131339073 153.023 -308.269 0.000 -1.107 43.38125
1556368104.231338978 153.173 -310.712 0.000 -1.107 43.38125
1556368104.331338882 153.173 -310.712 0.000 -1.107 43.24375
1556368104.431339025 153.151 -313.154 0.000 -1.107 43.31250
1556368104.531338930 153.151 -313.154 0.000 -1.107 43.51875
1556368104.631339073 153.130 -315.484 0.000 -1.106 43.38125
1556368104.731338978 153.130 -315.484 0.000 -1.106 43.31250
1556368104.831338882 153.130 -315.484 0.000 -1.106 43.45000
1556368104.931339025 152.938 -317.925 0.000 -1.106 43.31250
1556368105.031338930 152.746 -320.254 0.000 -1.106 43.24375
1556368105.131339073 152.746 -320.254 0.000 -1.106 43.17500
1556368105.231338978 152.469 -322.582 0.000 -1.106 43.31250
1556368105.331338882 152.469 -322.582 0.000 -1.106 43.10625
1556368105.431339025 152.106 -324.910 0.000 -1.106 42.96875
1556368105.531338930 151.925 -326.019 0.000 -1.106 42.76250
1556368105.631339073 151.743 -327.238 0.000 -1.106 42.83125
1556368105.731338978 151.743 -327.238 0.000 -1.106 42.48750
1556368105.831338882 151.743 -327.238 0.000 -1.106 42.62500
1556368105.931339025 151.210 -329.453 0.000 -1.106 42.35000
1556368106.031338930 150.676 -331.779 0.000 -1.106 42.35000
1556368106.131339073 150.676 -331.779 0.000 -1.106 41.86875
1556368106.231338978 150.058 -333.994 0.000 -1.106 41.93750
1556368106.331338882 149.706 -335.101 0.000 -1.105 41.86875
1556368106.431339025 149.353 -336.319 0.000 -1.105 41.73125
1556368106.531338930 149.353 -336.319 0.000 -1.105 41.66250
1556368106.631339073 148.649 -338.532 0.000 -1.105 41.66250
1556368106.731338978 148.649 -338.532 0.000 -1.105 41.80000
1556368106.831338882 148.649 -338.532 0.000 -1.105 41.73125
1556368106.931339025 147.774 -340.745 0.000 -1.105 41.80000
1556368107.031338930 146.900 -342.846 0.000 -1.105 41.80000
1556368107.131339073 146.900 -342.846 0.000 -1.105 41.73125
1556368107.231338978 146.025 -345.058 0.000 -1.105 41.66250
1556368107.331338882 145.502 -346.163 0.000 -1.105 41.80000
1556368107.431339025 144.980 -347.158 0.000 -1.105 41.86875
1556368107.531338930 144.980 -347.158 0.000 -1.105 41.86875
1556368107.631339073 143.935 -349.257 0.000 -1.105 41.73125
1556368107.731338978 143.935 -349.257 0.000 -1.105 41.93750
1556368107.831338882 143.935 -349.257 0.000 -1.105 41.93750
1556368107.931339025 142.719 -351.356 0.000 -1.105 41.93750
1556368108.031338930 141.588 -353.454 0.000 -1.105 41.93750
1556368108.131339073 141.588 -353.454 0.000 -1.105 41.93750
1556368108.231338978 140.288 -355.441 0.000 -1.105 42.00625
1556368108.331338882 139.680 -356.435 0.000 -1.105 41.73125
1556368108.431339025 138.987 -357.427 0.000 -1.105 41.93750
1556368108.531338930 138.987 -357.427 0.000 -1.105 41.93750
1556368108.631339073 137.601 -359.413 0.000 -1.105 42.00625
1556368108.731338978 137.601 -359.413 0.000 -1.105 42.07500
1556368108.831338882 137.601 -359.413 0.000 -1.105 42.14375
1556368108.931339025 137.601 -359.413 0.000 -1.105 42.35000
1556368109.031338930 133.794 -364.263 0.000 -1.067 42.41875
1556368109.131339073 133.015 -365.255 0.000 -1.067 42.41875
1556368109.231338978 132.238 -366.136 0.000 -1.067 42.69375
1556368109.331338882 131.374 -367.128 0.000 -1.067 42.69375
1556368109.431339025 130.596 -368.009 0.000 -1.067 42.83125
1556368109.531338930 129.733 -368.889 0.000 -1.067 42.76250
1556368109.631339073 129.733 -368.889 0.000 -1.067 43.10625
1556368109.731338978 128.006 -370.650 0.000 -1.067 43.10625
1556368109.831338882 127.058 -371.529 0.000 -1.067 43.24375
1556368109.931339025 126.195 -372.410 0.000 -1.067 43.24375
1556368110.031338930 125.246 -373.289 0.000 -1.067 43.38125
1556368110.131339073 124.298 -374.058 0.000 -1.067 43.45000
1556368110.231338978 123.349 -374.937 0.000 -1.067 43.51875
1556368110.331338882 122.402 -375.706 0.000 -1.067 43.86250
1556368110.431339025 121.453 -376.586 0.000 -1.067 43.93125
1556368110.531338930 120.420 -377.353 0.000 -1.067 43.93125
1556368110.631339073 120.420 -377.353 0.000 -1.067 44.13750
1556368110.731338978 118.438 -379.001 0.000 -1.067 44.41250
1556368110.831338882 117.490 -379.769 0.000 -1.067 44.48125
1556368110.931339025 116.457 -380.537 0.000 -1.067 44.48125
1556368111.031338930 116.457 -380.537 0.000 -1.067 44.55000
1556368111.131339073 114.391 -381.962 0.000 -1.067 44.61875
1556368111.231338978 114.391 -381.962 0.000 -1.067 44.68750
1556368111.331338882 112.411 -383.387 0.000 -1.067 44.82500
1556368111.431339025 112.411 -383.387 0.000 -1.067 44.89375
1556368111.531338930 110.346 -384.812 0.000 -1.066 44.68750
1556368111.631339073 110.346 -384.812 0.000 -1.066 44.89375
1556368111.731338978 108.280 -386.237 0.000 -1.066 44.96250
1556368111.831338882 107.162 -386.893 0.000 -1.066 44.75625
1556368111.931339025 106.130 -387.549 0.000 -1.066 44.75625
1556368112.031338930 105.097 -388.317 0.000 -1.066 44.82500
1556368112.131339073 104.064 -388.974 0.000 -1.066 44.82500
1556368112.231338978 103.032 -389.631 0.000 -1.066 44.55000
1556368112.331338882 101.913 -390.398 0.000 -1.066 44.61875
1556368112.431339025 101.913 -390.398 0.000 -1.066 44.61875
1556368112.531338930 99.849 -391.712 0.000 -1.066 44.55000
1556368112.631339073 99.849 -391.712 0.000 -1.066 44.48125
1556368112.731338978 97.698 -393.136 0.000 -1.066 44.48125
1556368112.831338882 97.698 -393.136 0.000 -1.066 44.20625
1556368112.931339025 95.548 -394.448 0.000 -1.066 44.55000
1556368113.031338930 93.397 -395.872 0.000 -1.066 44.55000
1556368113.131339073 93.397 -395.872 0.000 -1.066 44.61875
1556368113.231338978 91.245 -397.296 0.000 -1.066 44.75625
1556368113.331338882 91.245 -397.296 0.000 -1.066 44.89375
1556368113.431339025 89.009 -398.719 0.000 -1.066 44.82500
1556368113.531338930 89.009 -398.719 0.000 -1.066 45.03125
1556368113.631339073 86.858 -400.143 0.000 -1.066 45.30625
1556368113.731338978 86.858 -400.143 0.000 -1.066 45.16875
1556368113.831338882 84.707 -401.567 0.000 -1.066 45.37500
1556368113.931339025 84.707 -401.567 0.000 -1.066 45.37500
1556368114.031338930 82.470 -402.990 0.000 -1.066 45.44375
1556368114.131339073 82.470 -402.990 0.000 -1.066 45.44375
1556368114.231338978 80.232 -404.524 0.000 -1.066 45.71875
1556368114.331338882 80.232 -404.524 0.000 -1.066 45.65000
1556368114.431339025 77.910 -405.947 0.000 -1.066 45.99375
1556368114.531338930 77.910 -405.947 0.000 -1.066 46.33750
1556368114.631339073 75.674 -407.370 0.000 -1.065 46.20000
1556368114.731338978 75.674 -407.370 0.000 -1.065 46.26875
1556368114.831338882 73.351 -408.903 0.000 -1.065 46.75000
1556368114.931339025 73.351 -408.903 0.000 -1.065 46.68125
1556368115.031338930 71.027 -410.437 0.000 -1.065 46.81875
1556368115.131339073 71.027 -410.437 0.000 -1.065 47.02500
1556368115.231338978 68.705 -411.859 0.000 -1.055 47.30000
1556368115.331338882 68.705 -411.859 0.000 -1.055 47.30000
1556368115.431339025 66.382 -413.392 0.000 -1.055 47.64375
1556368115.531338930 66.382 -413.392 0.000 -1.055 47.85000
1556368115.631339073 63.973 -414.925 0.000 -1.055 48.05625
1556368115.731338978 63.973 -414.925 0.000 -1.055 48.19375
1556368115.831338882 61.565 -416.457 0.000 -1.055 48.19375
1556368115.931339025 61.565 -416.457 0.000 -1.055 48.81250
1556368116.031338930 59.156 -417.990 0.000 -1.055 49.01875
1556368116.131339073 59.156 -417.990 0.000 -1.055 48.95000
1556368116.231338978 56.662 -419.522 0.000 -1.055 49.22500
1556368116.331338882 56.662 -419.522 0.000 -1.055 49.56875
1556368116.431339025 54.168 -421.054 0.000 -1.055 49.56875
1556368116.531338930 54.168 -421.054 0.000 -1.055 49.77500
1556368116.631339073 51.673 -422.586 0.000 -1.055 49.77500
1556368116.731338978 51.673 -422.586 0.000 -1.055 50.18750
1556368116.831338882 49.179 -424.117 0.000 -1.055 50.46250
1556368116.931339025 49.179 -424.117 0.000 -1.055 50.39375
1556368117.031338930 46.600 -425.648 0.000 -1.055 50.66875
1556368117.131339073 46.600 -425.648 0.000 -1.055 51.08125
1556368117.231338978 44.105 -427.180 0.000 -1.055 51.08125
1556368117.331338882 44.105 -427.180 0.000 -1.055 51.42500
1556368117.431339025 41.526 -428.711 0.000 -1.055 51.63125
1556368117.531338930 41.526 -428.711 0.000 -1.055 51.90625
1556368117.631339073 38.945 -430.353 0.000 -1.055 51.97500
1556368117.731338978 38.945 -430.353 0.000 -1.055 51.97500
1556368117.831338882 36.280 -431.884 0.000 -1.055 52.52500
1556368117.931339025 36.280 -431.884 0.000 -1.055 52.38750
1556368118.031338930 33.614 -433.414 0.000 -1.055 52.59375
1556368118.131339073 30.949 -434.944 0.000 -1.055 52.93750
1556368118.231338978 30.949 -434.944 0.000 -1.055 53.28125
1556368118.331338882 28.284 -436.475 0.000 -1.055 53.21250
1556368118.431339025 28.284 -436.475 0.000 -1.055 53.21250
1556368118.531338930 25.533 -438.004 0.000 -1.055 53.76250
1556368118.631339073 25.533 -438.004 0.000 -1.055 53.83125
1556368118.731338978 24.157 -438.769 0.000 -1.055 53.96875
1556368118.831338882 22.782 -439.534 0.000 -1.055 53.83125
1556368118.931339025 20.031 -441.063 0.000 -1.055 54.45000
1556368119.031338930 20.031 -441.063 0.000 -1.055 54.45000
1556368119.131339073 17.279 -442.704 0.000 -1.055 54.65625
1556368119.231338978 17.279 -442.704 0.000 -1.055 54.79375
1556368119.331338882 14.443 -444.233 0.000 -1.055 55.27500
1556368119.431339025 14.443 -444.233 0.000 -1.055 55.27500
1556368119.531338930 11.692 -445.762 0.000 -1.055 55.06875
1556368119.631339073 11.692 -445.762 0.000 -1.055 55.75625
1556368119.731338978 8.855 -447.402 0.000 -1.055 55.68750
1556368119.831338882 8.855 -447.402 0.000 -1.055 55.89375
1556368119.931339025 6.019 -448.931 0.000 -1.055 55.96250
1556368120.031338930 6.019 -448.931 0.000 -1.055 56.10000
1556368120.131339073 3.181 -450.570 0.000 -1.055 56.23750
1556368120.231338978 3.181 -450.570 0.000 -1.055 56.37500
1556368120.331338882 0.345 -452.099 0.000 -1.055 56.58125
1556368120.431339025 0.345 -452.099 0.000 -1.055 56.71875
1556368120.531338930 -2.578 -453.738 0.000 -1.055 56.92500
1556368120.631339073 -5.414 -455.267 0.000 -1.055 57.20000
1556368120.731338978 -5.414 -455.267 0.000 -1.055 57.20000
1556368120.831338882 -8.337 -456.906 0.000 -1.055 57.40625
1556368120.931339025 -8.337 -456.906 0.000 -1.055 57.40625
1556368121.031338930 -11.260 -458.545 0.000 -1.055 57.95625
1556368121.131339073 -11.260 -458.545 0.000 -1.055 57.81875
1556368121.231338978 -14.183 -460.184 0.000 -1.055 58.16250
1556368121.331338882 -14.183 -460.184 0.000 -1.055 58.16250
1556368121.431339025 -17.106 -461.823 0.000 -1.056 58.43750
1556368121.531338930 -17.106 -461.823 0.000 -1.056 58.43750
1556368121.631339073 -20.029 -463.462 0.000 -1.056 58.50625
1556368121.731338978 -20.029 -463.462 0.000 -1.056 58.71250
1556368121.831338882 -22.952 -465.101 0.000 -1.056 58.71250
1556368121.931339025 -22.952 -465.101 0.000 -1.056 58.98750
1556368122.031338930 -25.961 -466.850 0.000 -1.056 58.85000
1556368122.131339073 -25.961 -466.850 0.000 -1.056 58.85000
1556368122.231338978 -28.884 -468.489 0.000 -1.180 59.53750
1556368122.331338882 -28.884 -468.489 0.000 -1.180 59.60625
1556368122.431339025 -31.892 -470.127 0.000 -1.180 59.40000
1556368122.531338930 -31.892 -470.127 0.000 -1.180 59.74375
1556368122.631339073 -34.902 -471.877 0.000 -1.180 59.67500
1556368122.731338978 -34.902 -471.877 0.000 -1.180 59.88125
1556368122.831338882 -37.825 -473.516 0.000 -1.180 59.67500
1556368122.931339025 -37.825 -473.516 0.000 -1.180 60.01875
1556368123.031338930 -40.834 -475.265 0.000 -1.183 60.29375
1556368123.131339073 -40.834 -475.265 0.000 -1.183 60.50000
1556368123.231338978 -43.842 -476.903 0.000 -1.183 60.29375
1556368123.331338882 -43.842 -476.903 0.000 -1.183 60.63750
1556368123.431339025 -46.852 -478.652 0.000 -1.183 60.63750
1556368123.531338930 -46.852 -478.652 0.000 -1.183 60.77500
1556368123.631339073 -49.861 -480.401 0.000 -1.183 60.56875
1556368123.731338978 -49.861 -480.401 0.000 -1.183 61.05000
1556368123.831338882 -52.871 -482.151 0.000 -1.186 60.98125
1556368123.931339025 -52.871 -482.151 0.000 -1.186 61.25625
1556368124.031338930 -55.966 -483.899 0.000 -1.186 61.11875
1556368124.131339073 -55.966 -483.899 0.000 -1.186 61.46250
1556368124.231338978 -58.974 -485.537 0.000 -1.186 61.39375
1556368124.331338882 -58.974 -485.537 0.000 -1.186 61.46250
1556368124.431339025 -62.069 -487.286 0.000 -1.186 61.39375
1556368124.531338930 -62.069 -487.286 0.000 -1.186 61.53125
1556368124.631339073 -65.078 -489.035 0.000 -1.189 61.66875
1556368124.731338978 -65.078 -489.035 0.000 -1.189 61.73750
1556368124.831338882 -68.088 -490.784 0.000 -1.189 62.15000
1556368124.931339025 -68.088 -490.784 0.000 -1.189 61.87500
1556368125.031338930 -71.182 -492.422 0.000 -1.189 62.15000
1556368125.131339073 -71.182 -492.422 0.000 -1.189 61.87500
1556368125.231338978 -74.191 -494.171 0.000 -1.189 62.15000
1556368125.331338882 -74.191 -494.171 0.000 -1.189 61.87500
1556368125.431339025 -74.191 -494.171 0.000 -1.189 62.15000
1556368125.531338930 -77.286 -495.919 0.000 -1.192 62.15000
1556368125.631339073 -80.381 -497.668 0.000 -1.192 62.35625
1556368125.731338978 -80.381 -497.668 0.000 -1.192 62.15000
1556368125.831338882 -83.391 -499.417 0.000 -1.192 62.28750
1556368125.931339025 -83.391 -499.417 0.000 -1.192 62.15000
1556368126.031338930 -86.486 -501.165 0.000 -1.192 62.21875
1556368126.131339073 -89.581 -502.914 0.000 -1.195 62.15000
1556368126.231338978 -89.581 -502.914 0.000 -1.195 62.08125
1556368126.331338882 -92.676 -504.662 0.000 -1.195 62.42500
1556368126.431339025 -92.676 -504.662 0.000 -1.195 62.76875
1556368126.531338930 -95.770 -506.411 0.000 -1.195 62.49375
1556368126.631339073 -95.770 -506.411 0.000 -1.195 62.56250
1556368126.731338978 -98.866 -508.270 0.000 -1.195 62.49375
1556368126.831338882 -101.961 -510.019 0.000 -1.198 62.63125
1556368126.931339025 -101.961 -510.019 0.000 -1.198 63.11250
1556368127.031338930 -105.056 -511.767 0.000 -1.198 63.04375
1556368127.131339073 -105.056 -511.767 0.000 -1.198 63.25000
1556368127.231338978 -108.151 -513.515 0.000 -1.198 62.97500
1556368127.331338882 -108.151 -513.515 0.000 -1.198 63.04375
1556368127.431339025 -111.247 -515.375 0.000 -1.198 63.18125
1556368127.531338930 -111.247 -515.375 0.000 -1.198 63.18125
1556368127.631339073 -114.428 -517.123 0.000 -1.201 63.38750
1556368127.731338978 -114.428 -517.123 0.000 -1.201 63.31875
1556368127.831338882 -117.524 -518.982 0.000 -1.201 63.52500
1556368127.931339025 -117.524 -518.982 0.000 -1.201 63.38750
1556368128.031338930 -120.619 -520.730 0.000 -1.201 63.73125
1556368128.131339073 -120.619 -520.730 0.000 -1.201 63.52500
1556368128.231338978 -123.799 -522.478 0.000 -1.201 63.73125
1556368128.331338882 -123.799 -522.478 0.000 -1.201 63.45625
1556368128.431339025 -126.981 -524.337 0.000 -1.201 63.86875
1556368128.531338930 -126.981 -524.337 0.000 -1.201 63.86875
1556368128.631339073 -130.076 -526.085 0.000 -1.201 63.80000
1556368128.731338978 -130.076 -526.085 0.000 -1.201 63.80000
1556368128.831338882 -133.257 -527.944 0.000 -2.155 64.07500
1556368128.931339025 -133.257 -527.944 0.000 -2.155 64.35000
1556368129.031338930 -136.439 -529.802 0.000 -2.155 64.14375
1556368129.131339073 -136.439 -529.802 0.000 -2.155 64.35000
1556368129.231338978 -139.619 -531.550 0.000 -2.155 64.28125
1556368129.331338882 -139.619 -531.550 0.000 -2.155 64.41875
1556368129.431339025 -142.801 -533.409 0.000 -2.155 64.28125
1556368129.531338930 -142.801 -533.409 0.000 -2.155 64.35000
1556368129.631339073 -145.982 -535.267 0.000 -2.162 64.76250
1556368129.731338978 -145.982 -535.267 0.000 -2.162 64.62500
1556368129.831338882 -149.163 -537.015 0.000 -2.162 64.83125
1556368129.931339025 -149.163 -537.015 0.000 -2.162 64.62500
1556368130.031338930 -152.344 -538.874 0.000 -2.162 64.55625
1556368130.131339073 -152.344 -538.874 0.000 -2.162 64.55625
1556368130.231338978 -155.526 -540.732 0.000 -2.162 64.76250
1556368130.331338882 -155.526 -540.732 0.000 -2.162 64.62500
1556368130.431339025 -158.707 -542.591 0.000 -2.169 64.96875
1556368130.531338930 -158.707 -542.591 0.000 -2.169 64.96875
1556368130.631339073 -161.974 -544.449 0.000 -2.169 65.03750
1556368130.731338978 -161.974 -544.449 0.000 -2.169 65.17500
1556368130.831338882 -165.156 -546.307 0.000 -2.169 64.96875
1556368130.931339025 -165.156 -546.307 0.000 -2.169 65.24375
1556368131.031338930 -168.423 -548.165 0.000 -2.169 65.10625
1556368131.131339073 -168.423 -548.165 0.000 -2.169 65.45000
1556368131.231338978 -171.690 -550.023 0.000 -2.175 65.65625
1556368131.331338882 -171.690 -550.023 0.000 -2.175 65.58750
1556368131.431339025 -174.872 -551.882 0.000 -2.175 65.86250
1556368131.531338930 -174.872 -551.882 0.000 -2.175 65.38125
1556368131.631339073 -178.139 -553.740 0.000 -2.175 65.86250
1556368131.731338978 -178.139 -553.740 0.000 -2.175 65.72500
1556368131.831338882 -181.406 -555.597 0.000 -2.175 65.86250
1556368131.931339025 -181.406 -555.597 0.000 -2.175 66.13750
1556368132.031338930 -184.673 -557.455 0.000 -2.182 65.86250
1556368132.131339073 -184.673 -557.455 0.000 -2.182 66.00000
1556368132.231338978 -187.854 -559.314 0.000 -2.182 65.86250
1556368132.331338882 -187.854 -559.314 0.000 -2.182 66.06875
1556368132.431339025 -191.121 -561.172 0.000 -2.182 66.13750
1556368132.531338930 -191.121 -561.172 0.000 -2.182 66.13750
1556368132.631339073 -194.388 -563.030 0.000 -2.182 66.20625
1556368132.731338978 -194.388 -563.030 0.000 -2.182 66.00000
1556368132.831338882 -197.655 -564.777 0.000 -2.189 66.27500
1556368132.931339025 -197.655 -564.777 0.000 -2.189 66.00000
1556368133.031338930 -200.922 -566.634 0.000 -2.189 66.06875
1556368133.131339073 -200.922 -566.634 0.000 -2.189 66.06875
1556368133.231338978 -204.189 -568.492 0.000 -2.189 66.06875
1556368133.331338882 -204.189 -568.492 0.000 -2.189 66.00000
1556368133.431339025 -207.370 -570.351 0.000 -2.189 66.20625
1556368133.531338930 -207.370 -570.351 0.000 -2.189 66.34375
1556368133.631339073 -210.637 -572.209 0.000 -2.196 66.20625
1556368133.731338978 -210.637 -572.209 0.000 -2.196 66.48125
1556368133.831338882 -213.904 -574.067 0.000 -2.196 66.55000
1556368133.931339025 -213.904 -574.067 0.000 -2.196 66.20625
1556368134.031338930 -217.172 -575.924 0.000 -2.196 66.48125
1556368134.131339073 -217.172 -575.924 0.000 -2.196 66.20625
1556368134.231338978 -220.353 -577.783 0.000 -2.196 66.34375
1556368134.331338882 -220.353 -577.783 0.000 -2.196 66.27500
1556368134.431339025 -223.620 -579.641 0.000 -2.203 66.41250
1556368134.531338930 -223.620 -579.641 0.000 -2.203 66.41250
1556368134.631339073 -226.886 -581.388 0.000 -2.203 66.13750
1556368134.731338978 -226.886 -581.388 0.000 -2.203 66.41250
1556368134.831338882 -230.068 -583.246 0.000 -2.203 66.27500
1556368134.931339025 -230.068 -583.246 0.000 -2.203 66.41250
1556368135.031338930 -233.249 -585.105 0.000 -2.203 66.48125
1556368135.131339073 -233.249 -585.105 0.000 -2.203 66.34375
1556368135.231338978 -233.249 -585.105 0.000 -2.203 66.27500
1556368135.331338882 -236.430 -586.853 0.000 -2.203 66.13750
1556368135.431339025 -239.610 -588.600 0.000 -2.203 66.34375
1556368135.531338930 -239.610 -588.600 0.000 -2.203 65.93125
1556368135.631339073 -241.244 -589.474 0.000 -2.557 65.86250
1556368135.731338978 -242.877 -590.347 0.000 -2.557 65.93125
1556368135.831338882 -244.424 -591.221 0.000 -2.557 65.51875
1556368135.931339025 -246.057 -592.095 0.000 -2.557 65.72500
1556368136.031338930 -247.605 -592.969 0.000 -2.557 65.51875
1556368136.131339073 -249.238 -593.842 0.000 -2.557 65.31250
1556368136.231338978 -250.785 -594.716 0.000 -2.557 65.10625
1556368136.331338882 -253.966 -596.464 0.000 -2.558 65.24375
1556368136.431339025 -255.599 -597.338 0.000 -2.558 64.96875
1556368136.531338930 -257.146 -598.212 0.000 -2.558 65.10625
1556368136.631339073 -258.694 -599.086 0.000 -2.558 64.83125
1556368136.731338978 -260.327 -599.959 0.000 -2.558 64.83125
1556368136.831338882 -261.874 -600.833 0.000 -2.558 64.69375
1556368136.931339025 -264.970 -602.582 0.000 -2.558 64.90000
1556368137.031338930 -264.970 -602.582 0.000 -2.558 64.62500
1556368137.131339073 -266.516 -603.345 0.000 -2.558 64.55625
1556368137.231338978 -268.064 -604.219 0.000 -2.558 64.41875
1556368137.331338882 -271.159 -605.968 0.000 -2.558 64.21250
1556368137.431339025 -271.159 -605.968 0.000 -2.558 64.21250
1556368137.531338930 -274.168 -607.717 0.000 -2.558 63.66250
1556368137.631339073 -274.168 -607.717 0.000 -2.558 64.35000
1556368137.731338978 -277.262 -609.354 0.000 -2.558 63.80000
1556368137.831338882 -277.262 -609.354 0.000 -2.558 64.00625
1556368137.931339025 -278.810 -610.228 0.000 -2.559 63.38750
1556368138.031338930 -280.272 -611.103 0.000 -2.559 63.45625
1556368138.131339073 -281.819 -611.977 0.000 -2.559 63.18125
1556368138.231338978 -283.280 -612.741 0.000 -2.559 63.31875
1556368138.331338882 -284.828 -613.616 0.000 -2.559 63.04375
1556368138.431339025 -286.290 -614.490 0.000 -2.559 62.83750
1556368138.531338930 -287.836 -615.254 0.000 -2.559 62.76875
1556368138.631339073 -289.298 -616.129 0.000 -2.559 62.15000
1556368138.731338978 -292.222 -617.878 0.000 -2.559 62.35625
1556368138.831338882 -292.222 -617.878 0.000 -2.559 62.01250
1556368138.931339025 -293.769 -618.642 0.000 -2.559 62.15000
1556368139.031338930 -295.231 -619.517 0.000 -2.559 61.60000
1556368139.131339073 -296.692 -620.281 0.000 -2.559 61.66875
1556368139.231338978 -298.154 -621.156 0.000 -2.559 61.39375
1556368139.331338882 -299.616 -622.030 0.000 -2.559 61.53125
1556368139.431339025 -301.077 -622.794 0.000 -2.559 61.11875
1556368139.531338930 -304.000 -624.433 0.000 -2.560 61.18750
1556368139.631339073 -304.000 -624.433 0.000 -2.560 60.84375
1556368139.731338978 -306.924 -626.183 0.000 -2.560 60.98125
1556368139.831338882 -306.924 -626.183 0.000 -2.560 60.50000
1556368139.931339025 -308.386 -627.058 0.000 -2.560 60.70625
1556368140.031338930 -309.847 -627.822 0.000 -2.560 60.56875
1556368140.131339073 -312.771 -629.572 0.000 -2.560 59.95000
1556368140.231338978 -315.694 -631.211 0.000 -2.561 59.81250
1556368140.331338882 -318.618 -632.961 0.000 -2.561 60.08750
1556368140.431339025 -321.541 -634.600 0.000 -2.561 59.81250
1556368140.531338930 -321.541 -634.600 0.000 -2.561 59.88125
1556368140.631339073 -324.550 -636.349 0.000 -2.561 60.08750
1556368140.731338978 -324.550 -636.349 0.000 -2.561 59.81250
1556368140.831338882 -326.011 -637.113 0.000 -2.561 60.01875
1556368140.931339025 -328.935 -638.862 0.000 -2.561 60.01875
1556368141.031338930 -331.858 -640.501 0.000 -2.561 60.22500
1556368141.131339073 -333.320 -641.376 0.000 -2.561 60.50000
1556368141.231338978 -334.868 -642.250 0.000 -2.561 60.08750
1556368141.331338882 -336.330 -643.125 0.000 -2.611 60.15625
1556368141.431339025 -339.253 -644.764 0.000 -2.611 60.43125
1556368141.531338930 -339.253 -644.764 0.000 -2.611 60.36250
1556368141.631339073 -340.715 -645.639 0.000 -2.611 59.88125
1556368141.731338978 -342.176 -646.403 0.000 -2.611 59.81250
1556368141.831338882 -343.724 -647.277 0.000 -2.611 60.29375
1556368141.931339025 -345.185 -648.041 0.000 -2.611 60.15625
1556368142.031338930 -346.732 -648.915 0.000 -2.611 60.29375
1556368142.131339073 -348.193 -649.679 0.000 -2.611 60.29375
1556368142.231338978 -349.654 -650.443 0.000 -2.611 60.36250
1556368142.331338882 -351.202 -651.317 0.000 -2.611 59.67500
1556368142.431339025 -352.663 -652.081 0.000 -2.611 60.01875
1556368142.531338930 -354.210 -652.956 0.000 -2.611 60.77500
1556368142.631339073 -354.210 -652.956 0.000 -2.611 60.63750
1556368142.731338978 -357.218 -654.483 0.000 -2.611 60.15625
1556368142.831338882 -358.764 -655.246 0.000 -2.611 60.29375
1556368142.931339025 -360.311 -656.009 0.000 -2.611 60.15625
1556368143.031338930 -361.772 -656.773 0.000 -2.611 60.36250
1556368143.131339073 -363.320 -657.647 0.000 -2.611 60.56875
1556368143.231338978 -364.866 -658.410 0.000 -2.611 60.77500
1556368143.331338882 -366.413 -659.173 0.000 -2.611 60.50000
1556368143.431339025 -367.873 -659.826 0.000 -2.611 60.63750
1556368143.531338930 -369.419 -660.590 0.000 -2.611 60.63750
1556368143.631339073 -372.512 -662.116 0.000 -2.611 60.63750
1556368143.731338978 -374.058 -662.768 0.000 -2.611 60.63750
1556368143.831338882 -375.605 -663.531 0.000 -2.611 60.84375
1556368143.931339025 -377.066 -664.295 0.000 -2.611 60.63750
1556368144.031338930 -378.611 -664.947 0.000 -2.611 60.84375
1556368144.131339073 -380.158 -665.711 0.000 -2.611 60.56875
1556368144.231338978 -381.703 -666.363 0.000 -2.611 60.63750
1556368144.331338882 -383.164 -667.127 0.000 -2.611 60.63750
1556368144.431339025 -384.710 -667.779 0.000 -2.610 60.36250
1556368144.531338930 -386.255 -668.431 0.000 -2.610 60.29375
1556368144.631339073 -387.716 -669.195 0.000 -2.610 60.43125
1556368144.731338978 -390.722 -670.500 0.000 -2.610 60.15625
1556368144.831338882 -390.722 -670.500 0.000 -2.610 60.29375
1556368144.931339025 -392.268 -671.152 0.000 -2.610 59.81250
1556368145.031338930 -393.813 -671.804 0.000 -2.610 60.01875
1556368145.131339073 -396.819 -673.110 0.000 -2.610 59.67500
1556368145.231338978 -396.819 -673.110 0.000 -2.610 59.67500
1556368145.331338882 -398.279 -673.763 0.000 -2.610 59.19375
1556368145.431339025 -399.824 -674.415 0.000 -2.610 59.26250
1556368145.531338930 -402.829 -675.609 0.000 -2.610 59.19375
1556368145.631339073 -402.829 -675.609 0.000 -2.610 59.05625
1556368145.731338978 -404.289 -676.262 0.000 -2.610 58.91875
1556368145.831338882 -405.748 -676.804 0.000 -2.610 58.91875
1556368145.931339025 -407.294 -677.456 0.000 -2.610 58.78125
1556368146.031338930 -408.753 -677.998 0.000 -2.610 58.43750
1556368146.131339073 -410.297 -678.539 0.000 -2.610 58.43750
1556368146.231338978 -411.757 -679.192 0.000 -2.610 58.23125
1556368146.331338882 -413.216 -679.734 0.000 -2.610 58.36875
1556368146.431339025 -414.675 -680.276 0.000 -2.610 57.81875
1556368146.531338930 -414.675 -680.276 0.000 -2.610 57.88750
1556368146.631339073 -417.680 -681.470 0.000 -2.610 57.54375
1556368146.731338978 -419.139 -682.012 0.000 -2.610 57.68125
1556368146.831338882 -420.598 -682.554 0.000 -2.610 57.20000
1556368146.931339025 -422.057 -683.096 0.000 -2.610 57.40625
1556368147.031338930 -423.602 -683.637 0.000 -2.610 57.13125
1556368147.131339073 -425.061 -684.179 0.000 -2.610 57.20000
1556368147.231338978 -426.520 -684.721 0.000 -2.610 56.65000
1556368147.331338882 -427.979 -685.263 0.000 -2.610 56.58125
1556368147.431339025 -429.437 -685.694 0.000 -2.610 56.58125
1556368147.531338930 -429.437 -685.694 0.000 -2.610 56.51250
1556368147.631339073 -432.441 -686.777 0.000 -2.609 56.23750
1556368147.731338978 -433.900 -687.319 0.000 -2.609 56.03125
1556368147.831338882 -435.358 -687.750 0.000 -2.609 56.23750
1556368147.931339025 -438.360 -688.722 0.000 -2.603 55.68750
1556368148.031338930 -439.819 -689.264 0.000 -2.603 55.68750
1556368148.131339073 -441.363 -689.694 0.000 -2.603 55.68750
1556368148.231338978 -442.821 -690.125 0.000 -2.603 55.82500
1556368148.331338882 -444.280 -690.667 0.000 -2.603 55.82500
1556368148.431339025 -444.280 -690.667 0.000 -2.603 55.82500
1556368148.531338930 -447.282 -691.528 0.000 -2.603 55.61875
1556368148.631339073 -448.740 -691.959 0.000 -2.603 55.75625
1556368148.731338978 -450.199 -692.501 0.000 -2.603 55.48125
1556368148.831338882 -451.742 -692.931 0.000 -2.603 55.82500
1556368148.931339025 -453.200 -693.362 0.000 -2.603 55.48125
1556368149.031338930 -454.659 -693.793 0.000 -2.603 55.55000
1556368149.131339073 -456.117 -694.224 0.000 -2.603 55.34375
1556368149.231338978 -457.575 -694.655 0.000 -2.603 55.20625
1556368149.331338882 -459.118 -695.085 0.000 -2.603 55.41250
1556368149.431339025 -459.118 -695.085 0.000 -2.603 55.06875
1556368149.531338930 -462.033 -695.836 0.000 -2.603 55.20625
1556368149.631339073 -463.492 -696.378 0.000 -2.603 55.06875
1556368149.731338978 -465.035 -696.697 0.000 -2.603 55.34375
1556368149.831338882 -466.493 -697.128 0.000 -2.603 54.93125
1556368149.931339025 -467.951 -697.559 0.000 -2.603 54.93125
1556368150.031338930 -469.495 -697.989 0.000 -2.603 55.13750
1556368150.131339073 -470.953 -698.420 0.000 -2.603 54.79375
1556368150.231338978 -472.411 -698.851 0.000 -2.603 55.00000
1556368150.331338882 -473.954 -699.281 0.000 -2.603 54.79375
1556368150.431339025 -473.954 -699.281 0.000 -2.603 54.93125
1556368150.531338930 -476.955 -700.032 0.000 -2.603 54.72500
1556368150.631339073 -478.413 -700.463 0.000 -2.603 54.72500
1556368150.731338978 -479.957 -700.893 0.000 -2.603 54.72500
1556368150.831338882 -481.414 -701.213 0.000 -2.603 54.72500
1556368150.931339025 -482.957 -701.643 0.000 -2.603 54.86250
1556368151.031338930 -484.415 -702.074 0.000 -2.603 54.72500
1556368151.131339073 -485.959 -702.504 0.000 -2.603 54.93125
1556368151.231338978 -487.417 -702.935 0.000 -2.603 54.72500
1556368151.331338882 -488.875 -703.366 0.000 -2.603 55.20625
1556368151.431339025 -488.875 -703.366 0.000 -2.603 55.06875
1556368151.531338930 -491.876 -704.116 0.000 -2.603 55.00000
1556368151.631339073 -493.418 -704.435 0.000 -2.603 55.06875
1556368151.731338978 -494.961 -704.754 0.000 -2.603 55.06875
1556368151.831338882 -496.419 -705.185 0.000 -2.603 55.27500
1556368151.931339025 -497.962 -705.505 0.000 -2.603 55.06875
1556368152.031338930 -500.878 -706.366 0.000 -2.603 55.20625
1556368152.131339073 -502.335 -706.686 0.000 -2.603 55.34375
1556368152.231338978 -503.879 -707.117 0.000 -2.603 55.27500
1556368152.331338882 -503.879 -707.117 0.000 -2.603 55.06875
1556368152.431339025 -506.793 -707.756 0.000 -2.603 55.20625
1556368152.531338930 -508.251 -708.187 0.000 -2.603 54.93125
1556368152.631339073 -509.793 -708.507 0.000 -2.603 55.34375
1556368152.731338978 -511.166 -708.938 0.000 -2.603 54.72500
1556368152.831338882 -512.623 -709.258 0.000 -2.603 54.93125
1556368152.931339025 -514.166 -709.577 0.000 -2.603 54.72500
1556368153.031338930 -515.623 -709.897 0.000 -2.603 54.51875
1556368153.131339073 -517.079 -710.106 0.000 -2.603 54.31250
1556368153.231338978 -518.536 -710.426 0.000 -2.603 54.24375
1556368153.331338882 -518.536 -710.426 0.000 -2.603 54.45000
1556368153.431339025 -521.365 -711.178 0.000 -2.603 53.83125
1556368153.531338930 -522.822 -711.498 0.000 -2.603 54.03750
1556368153.631339073 -524.280 -711.818 0.000 -2.603 53.69375
1556368153.731338978 -525.736 -712.027 0.000 -2.603 53.69375
1556368153.831338882 -527.193 -712.347 0.000 -2.603 53.48750
1556368153.931339025 -528.650 -712.667 0.000 -2.603 53.21250
1556368154.031338930 -530.020 -712.876 0.000 -2.603 53.41875
1556368154.131339073 -531.476 -713.085 0.000 -2.603 53.21250
1556368154.231338978 -532.933 -713.405 0.000 -2.603 53.07500
1556368154.331338882 -532.933 -713.405 0.000 -2.603 52.73125
1556368154.431339025 -535.760 -713.824 0.000 -2.606 52.66250
1556368154.531338930 -535.760 -713.824 0.000 -2.606 52.86875
1556368154.631339073 -538.588 -714.354 0.000 -2.606 52.31875
1556368154.731338978 -540.044 -714.563 0.000 -2.606 52.25000
1556368154.831338882 -541.500 -714.772 0.000 -2.606 52.11250
1556368154.931339025 -542.870 -714.981 0.000 -2.606 52.11250
1556368155.031338930 -544.326 -715.190 0.000 -2.606 51.97500
1556368155.131339073 -545.696 -715.289 0.000 -2.606 51.83750
1556368155.231338978 -547.067 -715.499 0.000 -2.606 51.42500
1556368155.331338882 -549.893 -715.917 0.000 -2.606 51.35625
1556368155.431339025 -551.263 -716.016 0.000 -2.606 51.49375
1556368155.531338930 -552.719 -716.225 0.000 -2.606 51.21875
1556368155.631339073 -554.089 -716.435 0.000 -2.606 51.01250
1556368155.731338978 -555.459 -716.534 0.000 -2.606 50.87500
1556368155.831338882 -556.828 -716.632 0.000 -2.606 50.73750
1556368155.931339025 -558.285 -716.841 0.000 -2.606 50.94375
1556368156.031338930 -561.024 -717.039 0.000 -2.606 50.46250
1556368156.131339073 -561.024 -717.039 0.000 -2.606 50.39375
1556368156.231338978 -563.763 -717.236 0.000 -2.606 50.18750
1556368156.331338882 -565.133 -717.446 0.000 -2.606 50.11875
1556368156.431339025 -567.872 -717.643 0.000 -2.606 49.77500
1556368156.531338930 -569.242 -717.742 0.000 -2.606 49.70625
1556368156.631339073 -570.612 -717.841 0.000 -2.606 49.50000
1556368156.731338978 -571.896 -717.940 0.000 -2.606 49.50000
1556368156.831338882 -573.265 -718.039 0.000 -2.606 49.50000
1556368156.931339025 -574.635 -718.138 0.000 -2.606 49.15625
1556368157.031338930 -574.635 -718.138 0.000 -2.606 49.22500
1556368157.131339073 -577.289 -718.447 0.000 -2.606 49.01875
1556368157.231338978 -578.573 -718.546 0.000 -2.606 48.95000
1556368157.331338882 -579.943 -718.645 0.000 -2.606 48.81250
1556368157.431339025 -581.227 -718.745 0.000 -2.606 48.53750
1556368157.531338930 -582.596 -718.843 0.000 -2.606 48.53750
1556368157.631339073 -583.880 -718.943 0.000 -2.606 48.53750
1556368157.731338978 -585.164 -719.042 0.000 -2.606 48.26250
1556368157.831338882 -586.534 -719.141 0.000 -2.606 48.26250
1556368157.931339025 -587.817 -719.130 0.000 -2.606 48.26250
1556368158.031338930 -587.817 -719.130 0.000 -2.606 48.05625
1556368158.131339073 -590.470 -719.217 0.000 -2.606 47.85000
1556368158.231338978 -591.754 -719.316 0.000 -2.606 47.91875
1556368158.331338882 -593.038 -719.416 0.000 -2.606 47.64375
1556368158.431339025 -594.321 -719.404 0.000 -2.606 47.64375
1556368158.531338930 -595.690 -719.503 0.000 -2.606 47.36875
1556368158.631339073 -596.973 -719.492 0.000 -2.606 47.30000
1556368158.731338978 -598.256 -719.480 0.000 -2.606 47.30000
1556368158.831338882 -599.626 -719.579 0.000 -2.606 47.09375
1556368158.931339025 -600.909 -719.567 0.000 -2.606 46.95625
1556368159.031338930 -600.909 -719.567 0.000 -2.606 47.02500
1556368159.131339073 -603.561 -719.654 0.000 -2.606 47.02500
1556368159.231338978 -604.844 -719.643 0.000 -2.606 46.61250
1556368159.331338882 -606.213 -719.631 0.000 -2.606 46.68125
1556368159.431339025 -607.496 -719.619 0.000 -2.606 46.68125
1556368159.531338930 -608.779 -719.608 0.000 -2.606 46.47500
1556368159.631339073 -610.148 -719.595 0.000 -2.606 46.61250
1556368159.731338978 -611.431 -719.584 0.000 -2.607 46.68125
1556368159.831338882 -612.799 -719.572 0.000 -2.607 46.61250
1556368159.931339025 -614.168 -719.559 0.000 -2.607 46.54375
1556368160.031338930 -614.168 -719.559 0.000 -2.607 46.88750
1556368160.131339073 -616.734 -719.536 0.000 -2.607 46.61250
1556368160.231338978 -618.102 -719.524 0.000 -2.607 46.68125
1556368160.331338882 -619.385 -719.513 0.000 -2.607 46.81875
1556368160.431339025 -620.754 -719.500 0.000 -2.607 46.81875
1556368160.531338930 -622.036 -719.378 0.000 -2.607 47.02500
1556368160.631339073 -623.404 -719.366 0.000 -2.607 47.02500
1556368160.731338978 -624.687 -719.354 0.000 -2.607 47.02500
1556368160.831338882 -625.971 -719.343 0.000 -2.607 47.09375
1556368160.931339025 -627.339 -719.330 0.000 -2.607 47.23125
1556368161.031338930 -627.339 -719.330 0.000 -2.607 47.02500
1556368161.131339073 -629.905 -719.307 0.000 -2.607 47.09375
1556368161.231338978 -631.188 -719.296 0.000 -2.610 47.23125
1556368161.331338882 -632.471 -719.284 0.000 -2.610 47.02500
1556368161.431339025 -633.753 -719.162 0.000 -2.610 46.95625
1556368161.531338930 -635.036 -719.150 0.000 -2.610 46.81875
1556368161.631339073 -636.319 -719.139 0.000 -2.610 46.75000
1556368161.731338978 -637.602 -719.127 0.000 -2.610 46.68125
1556368161.831338882 -638.884 -719.005 0.000 -2.610 46.68125
1556368161.931339025 -640.253 -718.993 0.000 -2.610 46.47500
1556368162.031338930 -640.253 -718.993 0.000 -2.610 46.47500
1556368162.131339073 -642.732 -718.859 0.000 -2.611 46.47500
1556368162.231338978 -644.015 -718.848 0.000 -2.611 46.40625
1556368162.331338882 -645.298 -718.836 0.000 -2.611 46.20000
1556368162.431339025 -646.580 -718.714 0.000 -2.611 46.06250
1556368162.531338930 -647.863 -718.702 0.000 -2.611 45.85625
1556368162.631339073 -649.145 -718.580 0.000 -2.611 45.92500
1556368162.731338978 -650.343 -718.569 0.000 -2.611 45.92500
1556368162.831338882 -651.626 -718.558 0.000 -2.612 45.65000
1556368162.931339025 -652.909 -718.546 0.000 -2.612 45.78750
1556368163.031338930 -652.909 -718.546 0.000 -2.612 45.58125
1556368163.131339073 -655.389 -718.413 0.000 -2.612 45.37500
1556368163.231338978 -656.672 -718.401 0.000 -2.612 45.37500
1556368163.331338882 -657.869 -718.391 0.000 -2.612 45.44375
1556368163.431339025 -659.151 -718.268 0.000 -2.612 45.16875
1556368163.531338930 -660.349 -718.257 0.000 -2.612 45.03125
1556368163.631339073 -661.632 -718.246 0.000 -2.613 45.10000
1556368163.731338978 -662.828 -718.124 0.000 -2.613 44.89375
1556368163.831338882 -664.026 -718.113 0.000 -2.613 44.55000
1556368163.931339025 -665.309 -718.102 0.000 -2.613 44.61875
1556368164.031338930 -665.309 -718.102 0.000 -2.613 44.68750
1556368164.131339073 -667.704 -718.080 0.000 -2.613 44.20625
1556368164.231338978 -668.986 -717.958 0.000 -2.613 44.20625
1556368164.331338882 -670.183 -717.947 0.000 -2.613 44.27500
1556368164.431339025 -671.381 -717.936 0.000 -2.614 44.13750
1556368164.531338930 -672.578 -717.926 0.000 -2.614 43.79375
1556368164.631339073 -674.972 -717.793 0.000 -2.614 43.93125
1556368164.731338978 -676.170 -717.782 0.000 -2.614 43.79375
1556368164.831338882 -677.367 -717.772 0.000 -2.614 43.58750
1556368164.931339025 -677.367 -717.772 0.000 -2.614 43.65625
1556368165.031338930 -679.676 -717.751 0.000 -2.614 43.45000
1556368165.131339073 -680.874 -717.740 0.000 -2.615 43.45000
1556368165.231338978 -681.986 -717.730 0.000 -2.615 43.31250
1556368165.331338882 -683.098 -717.720 0.000 -2.615 43.24375
1556368165.431339025 -684.295 -717.709 0.000 -2.615 43.03750
1556368165.531338930 -685.407 -717.699 0.000 -2.615 43.03750
1556368165.631339073 -686.433 -717.579 0.000 -2.615 42.55625
1556368165.731338978 -687.545 -717.569 0.000 -2.615 42.28125
1556368165.831338882 -688.657 -717.559 0.000 -2.615 42.28125
1556368165.931339025 -688.657 -717.559 0.000 -2.615 42.14375
1556368166.031338930 -690.796 -717.651 0.000 -2.616 41.45625
1556368166.131339073 -691.822 -717.642 0.000 -2.616 41.38750
1556368166.231338978 -692.849 -717.633 0.000 -2.616 41.11250
1556368166.331338882 -693.875 -717.623 0.000 -2.616 40.28750
1556368166.431339025 -694.902 -717.614 0.000 -2.616 40.15000
1556368166.531338930 -695.928 -717.605 0.000 -2.616 39.94375
1556368166.631339073 -696.869 -717.597 0.000 -2.616 39.80625
1556368166.731338978 -697.895 -717.587 0.000 -2.616 38.98125
1556368166.831338882 -698.836 -717.579 0.000 -2.616 38.70625
1556368166.931339025 -698.836 -717.579 0.000 -2.616 38.56875
1556368167.031338930 -700.718 -717.562 0.000 -2.616 38.29375
1556368167.131339073 -701.659 -717.554 0.000 -2.616 37.53750
1556368167.231338978 -702.515 -717.657 0.000 -2.616 37.33125
1556368167.331338882 -703.456 -717.648 0.000 -2.616 37.05625
1556368167.431339025 -704.312 -717.641 0.000 -2.802 36.57500
1556368167.531338930 -705.167 -717.633 0.000 -2.802 35.88750
1556368167.631339073 -706.022 -717.625 0.000 -2.802 35.54375
