2019-04-26 10:08:19.401963965 116.205708 39.866844 71.163320 -1.950133 3.048799 -152.681656
2019-04-26 10:08:19.501641441 116.205716 39.866832 71.233979 -1.922666 3.026826 -152.626724
2019-04-26 10:08:19.603131237 116.205724 39.866819 71.305386 -1.856746 2.856533 -152.582779
2019-04-26 10:08:19.702190792 116.205733 39.866807 71.369858 -1.779840 2.801599 -152.527847
2019-04-26 10:08:19.801732362 116.205741 39.866794 71.428799 -1.746879 2.878506 -152.472916
2019-04-26 10:08:19.902566134 116.205749 39.866781 71.487870 -1.763359 2.971892 -152.423477
2019-04-26 10:08:20.002080205 116.205758 39.866769 71.548405 -1.746879 2.966399 -152.385025
2019-04-26 10:08:20.201529117 116.205775 39.866744 71.680615 -1.779840 2.834559 -152.319107
2019-04-26 10:08:20.303153423 116.205783 39.866732 71.750099 -1.840266 2.905972 -152.280655
2019-04-26 10:08:20.402496597 116.205791 39.866719 71.818088 -1.834773 3.026826 -152.247681
2019-04-26 10:08:20.502983941 116.205800 39.866707 71.888305 -1.801813 3.059786 -152.220215
2019-04-26 10:08:20.602960819 116.205808 39.866694 71.959109 -1.763359 3.065279 -152.192749
2019-04-26 10:08:20.701340073 116.205816 39.866682 72.029142 -1.741386 2.999359 -152.154297
2019-04-26 10:08:20.801996386 116.205825 39.866669 72.096040 -1.746879 2.960906 -152.121338
2019-04-26 10:08:20.902173505 116.205833 39.866657 72.158704 -1.785333 3.026826 -152.082886
2019-04-26 10:08:21.002241355 116.205841 39.866645 72.221643 -1.730399 3.043306 -152.049927
2019-04-26 10:08:21.101362545 116.205850 39.866632 72.284002 -1.686453 3.098239 -152.022461
2019-04-26 10:08:21.202877773 116.205859 39.866620 72.361901 -1.604053 3.081759 -151.989502
2019-04-26 10:08:21.301419423 116.205867 39.866608 72.440509 -1.499680 3.092746 -151.962036
2019-04-26 10:08:21.401623587 116.205875 39.866595 72.517089 -1.400800 3.120212 -151.929077
2019-04-26 10:08:21.501552972 116.205884 39.866583 72.593866 -1.312906 3.059786 -151.907104
2019-04-26 10:08:21.602614078 116.205892 39.866571 72.667890 -1.246986 3.070772 -151.879639
2019-04-26 10:08:21.702847372 116.205900 39.866558 72.738694 -1.175573 3.136692 -151.857666
2019-04-26 10:08:21.801293905 116.205909 39.866546 72.809811 -1.120640 3.136692 -151.835693
2019-04-26 10:08:21.901898152 116.205917 39.866534 72.879936 -1.043733 3.120212 -151.808228
2019-04-26 10:08:22.002038514 116.205926 39.866521 72.947230 -0.972320 3.202612 -151.786255
2019-04-26 10:08:22.102234022 116.205934 39.866509 73.015319 -0.928373 3.224586 -151.758789
2019-04-26 10:08:22.202252261 116.205943 39.866497 73.095125 -0.906400 3.279519 -151.742294
2019-04-26 10:08:22.302358166 116.205952 39.866484 73.176480 -0.873440 3.339946 -151.720322
2019-04-26 10:08:22.402392825 116.205960 39.866472 73.259147 -0.763573 3.295999 -151.703842
2019-04-26 10:08:22.502425616 116.205969 39.866459 73.338640 -0.664693 3.323466 -151.687363
2019-04-26 10:08:22.602196425 116.205977 39.866447 73.415769 -0.521867 3.416852 -151.670883
2019-04-26 10:08:22.702131240 116.205986 39.866434 73.494064 -0.390027 3.405866 -151.654404
2019-04-26 10:08:22.802176922 116.205995 39.866421 73.572375 -0.285653 3.361919 -151.643417
2019-04-26 10:08:22.902649537 116.206003 39.866409 73.647970 -0.137333 3.350932 -151.637924
2019-04-26 10:08:23.002410301 116.206012 39.866396 73.722162 -0.054933 3.306986 -151.626938
2019-04-26 10:08:23.102455587 116.206021 39.866383 73.793134 0.016480 3.295999 -151.610458
2019-04-26 10:08:23.202308090 116.206030 39.866371 73.875595 0.076907 3.323466 -151.588486
2019-04-26 10:08:23.301426758 116.206039 39.866358 73.959475 0.104373 3.252052 -151.566513
2019-04-26 10:08:23.402884550 116.206047 39.866345 74.041059 0.082400 3.175146 -151.544540
2019-04-26 10:08:23.501508304 116.206056 39.866332 74.117829 0.000000 3.213599 -151.528061
2019-04-26 10:08:23.602087595 116.206065 39.866320 74.193439 -0.043947 3.301492 -151.500595
2019-04-26 10:08:23.701142037 116.206074 39.866307 74.269255 -0.049440 3.361919 -151.456650
2019-04-26 10:08:23.801983098 116.206083 39.866294 74.347055 0.016480 3.328959 -151.401718
2019-04-26 10:08:23.902572803 116.206092 39.866281 74.422063 0.082400 3.389386 -151.363266
2019-04-26 10:08:24.001880111 116.206101 39.866268 74.496284 0.170293 3.537706 -151.330307
2019-04-26 10:08:24.102717018 116.206110 39.866255 74.573825 0.373547 3.609119 -151.291855
2019-04-26 10:08:24.201215229 116.206119 39.866242 74.666204 0.571307 3.543199 -151.264389
2019-04-26 10:08:24.301212005 116.206128 39.866229 74.762404 0.686666 3.186132 -151.231415
2019-04-26 10:08:24.402480143 116.206137 39.866216 74.847383 0.736106 2.900479 -151.220428
2019-04-26 10:08:24.502595043 116.206146 39.866203 74.919171 0.725120 2.911466 -151.220428
2019-04-26 10:08:24.602667507 116.206156 39.866190 74.987382 0.681173 2.982879 -151.220428
2019-04-26 10:08:24.702026341 116.206165 39.866177 75.056332 0.714133 2.977386 -151.214935
2019-04-26 10:08:24.803181956 116.206174 39.866164 75.125519 0.719626 2.960906 -151.203949
2019-04-26 10:08:24.901193714 116.206183 39.866151 75.193149 0.802026 2.966399 -151.187469
2019-04-26 10:08:25.001928360 116.206192 39.866138 75.259757 0.818506 2.999359 -151.170990
2019-04-26 10:08:25.102001196 116.206201 39.866125 75.327342 0.840480 3.026826 -151.165497
2019-04-26 10:08:25.201182097 116.206211 39.866112 75.408498 0.834986 3.120212 -151.165497
2019-04-26 10:08:25.301865010 116.206220 39.866099 75.493637 0.895413 3.098239 -151.154510
2019-04-26 10:08:25.402161070 116.206229 39.866086 75.577685 0.966826 3.070772 -151.154510
2019-04-26 10:08:25.501813056 116.206238 39.866073 75.658735 1.010773 3.065279 -151.143524
2019-04-26 10:08:25.602494521 116.206247 39.866060 75.737412 1.016266 3.037812 -151.138031
2019-04-26 10:08:25.701236616 116.206256 39.866047 75.814907 1.065706 2.955412 -151.132538
2019-04-26 10:08:25.802065448 116.206265 39.866034 75.887572 1.076693 2.999359 -151.138031
2019-04-26 10:08:25.901730029 116.206274 39.866021 75.957751 1.082186 3.153172 -151.138031
2019-04-26 10:08:26.002539887 116.206283 39.866008 76.029600 1.027253 3.339946 -151.138031
2019-04-26 10:08:26.102116636 116.206292 39.865995 76.107896 0.972320 3.301492 -151.127045
2019-04-26 10:08:26.202376019 116.206302 39.865982 76.200313 0.906400 3.125706 -151.121552
2019-04-26 10:08:26.301274071 116.206311 39.865969 76.289396 0.856960 3.004853 -151.110565
2019-04-26 10:08:26.401209810 116.206320 39.865957 76.370750 0.889920 3.032319 -151.105072
2019-04-26 10:08:26.502483730 116.206329 39.865944 76.450595 0.939360 3.081759 -151.099579
2019-04-26 10:08:26.602022219 116.206338 39.865931 76.529676 0.977813 3.125706 -151.088593
2019-04-26 10:08:26.701441313 116.206347 39.865918 76.608872 1.010773 3.103732 -151.077606
2019-04-26 10:08:26.802854866 116.206356 39.865905 76.687412 1.054720 2.982879 -151.066620
2019-04-26 10:08:26.902728461 116.206365 39.865892 76.759772 1.054720 3.054292 -151.066620
2019-04-26 10:08:27.001400423 116.206374 39.865880 76.830973 1.131626 3.208106 -151.061127
2019-04-26 10:08:27.102941615 116.206383 39.865867 76.906301 1.175573 3.153172 -151.050140
2019-04-26 10:08:27.201486162 116.206392 39.865854 76.995232 1.148106 3.048799 -151.039154
2019-04-26 10:08:27.301622130 116.206401 39.865841 77.081789 1.087680 2.927946 -151.028168
2019-04-26 10:08:27.402926486 116.206410 39.865829 77.163762 1.010773 2.840053 -151.011688
2019-04-26 10:08:27.502447805 116.206419 39.865816 77.239464 0.922880 2.851039 -151.000702
2019-04-26 10:08:27.602360758 116.206428 39.865803 77.314807 0.834986 2.812586 -150.984222
2019-04-26 10:08:27.701247239 116.206437 39.865791 77.387053 0.763573 2.851039 -150.973236
2019-04-26 10:08:27.802288367 116.206446 39.865778 77.459780 0.785546 2.801599 -150.956757
2019-04-26 10:08:27.902994515 116.206454 39.865765 77.529363 0.796533 2.763146 -150.945770
2019-04-26 10:08:28.002281052 116.206463 39.865753 77.597711 0.873440 2.598346 -150.929291
2019-04-26 10:08:28.102141184 116.206472 39.865740 77.660909 0.950346 2.471999 -150.912811
2019-04-26 10:08:28.202722606 116.206481 39.865728 77.731538 0.955840 2.329173 -150.890839
2019-04-26 10:08:28.302945702 116.206490 39.865715 77.799328 1.038240 2.213813 -150.890839
2019-04-26 10:08:28.402494823 116.206499 39.865702 77.860604 1.027253 2.202826 -150.885345
2019-04-26 10:08:28.501504955 116.206508 39.865690 77.919728 0.999786 2.252266 -150.874359
2019-04-26 10:08:28.601138884 116.206517 39.865677 77.977876 0.917386 2.263253 -150.863373
2019-04-26 10:08:28.702185015 116.206526 39.865665 78.038877 0.900906 2.010559 -150.852386
2019-04-26 10:08:28.802233563 116.206535 39.865652 78.091951 0.834986 1.944639 -150.852386
2019-04-26 10:08:28.902835341 116.206544 39.865640 78.137916 0.763573 2.059999 -150.841400
2019-04-26 10:08:29.002954160 116.206552 39.865627 78.184536 0.834986 2.241279 -150.830414
2019-04-26 10:08:29.102664701 116.206561 39.865615 78.234277 0.972320 2.318186 -150.824921
2019-04-26 10:08:29.202149936 116.206571 39.865602 78.299595 1.049226 2.131413 -150.808441
2019-04-26 10:08:29.302335048 116.206580 39.865590 78.360993 1.098666 1.917173 -150.797455
2019-04-26 10:08:29.401879815 116.206589 39.865577 78.413701 1.010773 1.834773 -150.791962
2019-04-26 10:08:29.502320789 116.206597 39.865564 78.461458 1.032746 1.790826 -150.786469
2019-04-26 10:08:29.601253164 116.206606 39.865552 78.506599 0.911893 1.752373 -150.775482
2019-04-26 10:08:29.702042187 116.206616 39.865539 78.550343 0.867946 1.669973 -150.759003
2019-04-26 10:08:29.802769140 116.206624 39.865526 78.593752 0.917386 1.351360 -150.748001
2019-04-26 10:08:29.902598424 116.206634 39.865514 78.630096 0.928373 1.087680 -150.726028
2019-04-26 10:08:30.002132654 116.206643 39.865501 78.655020 0.961333 1.021760 -150.704056
2019-04-26 10:08:30.101894106 116.206652 39.865488 78.675343 0.939360 1.126133 -150.693069
2019-04-26 10:08:30.201999667 116.206661 39.865475 78.705439 0.911893 1.203040 -150.676590
2019-04-26 10:08:30.301794703 116.206670 39.865462 78.740509 0.906400 1.148106 -150.660110
2019-04-26 10:08:30.401560573 116.206679 39.865450 78.774351 0.900906 1.131626 -150.654617
2019-04-26 10:08:30.503047746 116.206689 39.865437 78.807514 0.966826 1.016266 -150.638138
2019-04-26 10:08:30.602927413 116.206698 39.865424 78.838228 0.972320 0.928373 -150.621658
2019-04-26 10:08:30.702686058 116.206707 39.865411 78.864174 0.972320 0.911893 -150.605179
2019-04-26 10:08:30.802864397 116.206716 39.865399 78.889907 0.983306 0.834986 -150.588699
2019-04-26 10:08:30.902579612 116.206725 39.865386 78.912847 0.961333 0.851466 -150.583206
2019-04-26 10:08:31.002491940 116.206734 39.865373 78.934994 0.917386 0.911893 -150.566727
2019-04-26 10:08:31.103116443 116.206743 39.865360 78.958086 0.824000 0.961333 -150.561234
2019-04-26 10:08:31.201369366 116.206753 39.865348 78.985818 0.824000 0.928373 -150.544754
2019-04-26 10:08:31.302764249 116.206762 39.865335 79.013747 0.889920 0.906400 -150.528275
2019-04-26 10:08:31.402373915 116.206771 39.865322 79.039617 0.944853 0.878933 -150.517288
2019-04-26 10:08:31.502535416 116.206780 39.865309 79.065448 0.939360 0.840480 -150.500809
2019-04-26 10:08:31.601248798 116.206789 39.865297 79.088732 0.994293 0.845973 -150.489822
2019-04-26 10:08:31.702164601 116.206799 39.865284 79.111970 0.944853 0.824000 -150.478836
2019-04-26 10:08:31.802885215 116.206808 39.865271 79.134688 0.961333 0.769066 -150.462357
2019-04-26 10:08:31.901673646 116.206817 39.865258 79.154951 0.933866 0.818506 -150.456863
2019-04-26 10:08:32.002306371 116.206826 39.865246 79.175259 0.950346 0.917386 -150.445877
2019-04-26 10:08:32.101529027 116.206835 39.865233 79.198100 0.961333 1.049226 -150.434891
2019-04-26 10:08:32.202355441 116.206845 39.865220 79.226342 0.939360 1.087680 -150.418411
2019-04-26 10:08:32.301602515 116.206854 39.865207 79.258338 0.939360 0.917386 -150.396439
2019-04-26 10:08:32.402089183 116.206863 39.865195 79.287229 0.922880 0.769066 -150.379959
2019-04-26 10:08:32.502735686 116.206872 39.865182 79.310772 0.944853 0.653706 -150.368973
2019-04-26 10:08:32.601528730 116.206881 39.865169 79.331370 0.961333 0.494400 -150.357986
2019-04-26 10:08:32.703061888 116.206891 39.865157 79.346849 0.988800 0.516373 -150.347000
2019-04-26 10:08:32.801770248 116.206900 39.865144 79.360322 0.972320 0.598773 -150.330521
2019-04-26 10:08:32.901699299 116.206909 39.865132 79.377075 0.928373 0.609760 -150.308548
2019-04-26 10:08:33.001547909 116.206918 39.865119 79.394034 0.917386 0.587786 -150.303055
2019-04-26 10:08:33.102629684 116.206927 39.865107 79.412290 0.906400 0.472427 -150.292068
2019-04-26 10:08:33.203110276 116.206936 39.865095 79.428273 0.917386 0.516373 -150.281082
2019-04-26 10:08:33.302119501 116.206945 39.865082 79.443157 0.999786 0.714133 -150.270096
2019-04-26 10:08:33.402982403 116.206954 39.865070 79.464586 1.010773 0.752586 -150.253616
2019-04-26 10:08:33.501228300 116.206962 39.865058 79.489586 1.021760 0.681173 -150.231628
2019-04-26 10:08:33.601856534 116.206971 39.865046 79.514846 1.021760 0.505387 -150.220642
2019-04-26 10:08:33.702980756 116.206980 39.865034 79.534193 0.933866 0.472427 -150.215149
2019-04-26 10:08:33.801415394 116.206989 39.865022 79.549939 0.840480 0.461440 -150.209656
2019-04-26 10:08:33.902420677 116.206997 39.865010 79.565479 0.752586 0.412000 -150.187683
2019-04-26 10:08:34.002702385 116.207006 39.864999 79.579508 0.730613 0.390027 -150.176697
2019-04-26 10:08:34.101927754 116.207014 39.864987 79.591082 0.747093 0.483413 -150.171204
2019-04-26 10:08:34.201860439 116.207023 39.864975 79.604554 0.747093 0.615253 -150.160217
2019-04-26 10:08:34.302134097 116.207032 39.864963 79.621475 0.807520 0.609760 -150.154724
2019-04-26 10:08:34.401386618 116.207040 39.864952 79.640296 0.906400 0.527360 -150.143738
2019-04-26 10:08:34.502633053 116.207049 39.864940 79.655798 0.972320 0.598773 -150.127258
2019-04-26 10:08:34.601690133 116.207057 39.864929 79.671063 1.010773 0.686666 -150.121765
2019-04-26 10:08:34.701904935 116.207065 39.864917 79.690349 0.944853 0.686666 -150.110779
2019-04-26 10:08:34.801196024 116.207074 39.864906 79.708544 0.939360 0.708640 -150.099792
2019-04-26 10:08:34.902675384 116.207082 39.864894 79.727044 0.917386 0.697653 -150.099792
2019-04-26 10:08:35.002479485 116.207091 39.864883 79.745987 0.878933 0.642720 -150.088806
2019-04-26 10:08:35.101251275 116.207099 39.864871 79.762954 0.911893 0.653706 -150.077820
2019-04-26 10:08:35.201959766 116.207107 39.864860 79.780576 0.939360 0.692160 -150.077820
2019-04-26 10:08:35.302154721 116.207116 39.864849 79.799283 0.906400 0.653706 -150.066833
2019-04-26 10:08:35.401518104 116.207124 39.864837 79.817012 0.873440 0.725120 -150.050354
2019-04-26 10:08:35.501921367 116.207132 39.864826 79.834055 0.834986 0.802026 -150.044861
2019-04-26 10:08:35.602677541 116.207140 39.864815 79.855515 0.834986 0.681173 -150.022888
2019-04-26 10:08:35.702336979 116.207149 39.864804 79.874206 0.829493 0.609760 -150.017395
2019-04-26 10:08:35.802341377 116.207157 39.864792 79.889571 0.818506 0.576800 -150.011902
2019-04-26 10:08:35.901785971 116.207165 39.864781 79.902891 0.851466 0.626240 -150.000916
2019-04-26 10:08:36.002911107 116.207173 39.864770 79.915547 0.878933 0.703146 -149.989929
2019-04-26 10:08:36.101915918 116.207181 39.864759 79.930851 0.911893 0.675680 -149.978943
2019-04-26 10:08:36.202101260 116.207190 39.864748 79.947558 0.906400 0.692160 -149.956970
2019-04-26 10:08:36.302646648 116.207198 39.864737 79.964129 0.906400 0.686666 -149.951477
2019-04-26 10:08:36.402436825 116.207206 39.864726 79.981255 0.911893 0.604266 -149.945984
2019-04-26 10:08:36.602587835 116.207222 39.864704 80.010581 0.813013 0.648213 -149.978943
2019-04-26 10:08:36.701645761 116.207230 39.864693 80.024786 0.769066 0.714133 -150.033875
2019-04-26 10:08:36.801410639 116.207238 39.864683 80.039754 0.730613 0.714133 -150.121765
2019-04-26 10:08:36.902509216 116.207246 39.864672 80.055943 0.741600 0.659200 -150.204163
2019-04-26 10:08:37.002587229 116.207254 39.864661 80.070323 0.791040 0.642720 -150.319534
2019-04-26 10:08:37.102582455 116.207261 39.864650 80.083491 0.769066 0.653706 -150.456863
2019-04-26 10:08:37.201271019 116.207269 39.864640 80.098924 0.818506 0.587786 -150.605179
2019-04-26 10:08:37.301626170 116.207277 39.864629 80.113976 0.780053 0.527360 -150.764496
2019-04-26 10:08:37.401824088 116.207285 39.864618 80.126220 0.796533 0.505387 -150.940277
2019-04-26 10:08:37.501382162 116.207292 39.864608 80.137381 0.780053 0.543840 -151.132538
2019-04-26 10:08:37.601477053 116.207300 39.864597 80.146933 0.785546 0.686666 -151.346786
2019-04-26 10:08:37.702592691 116.207307 39.864586 80.159177 0.780053 0.807520 -151.561020
2019-04-26 10:08:37.801064153 116.207314 39.864575 80.174336 0.867946 0.856960 -151.775269
2019-04-26 10:08:37.902152670 116.207322 39.864565 80.192142 0.840480 0.807520 -151.994995
2019-04-26 10:08:38.003014617 116.207329 39.864554 80.210261 0.867946 0.697653 -152.198242
2019-04-26 10:08:38.101865445 116.207336 39.864544 80.225625 0.950346 0.659200 -152.428970
2019-04-26 10:08:38.201676700 116.207343 39.864533 80.239533 0.983306 0.736106 -152.654190
2019-04-26 10:08:38.302627212 116.207350 39.864522 80.254150 1.032746 0.741600 -152.873932
2019-04-26 10:08:38.402294994 116.207357 39.864512 80.270544 1.005280 0.697653 -153.104645
2019-04-26 10:08:38.502225877 116.207364 39.864501 80.285711 0.999786 0.697653 -153.368332
2019-04-26 10:08:38.601261670 116.207371 39.864491 80.300450 0.988800 0.609760 -153.653976
2019-04-26 10:08:38.702464915 116.207377 39.864480 80.313984 1.010773 0.543840 -153.961609
2019-04-26 10:08:38.802087794 116.207384 39.864470 80.323825 1.109653 0.631733 -154.285721
2019-04-26 10:08:38.901382008 116.207390 39.864459 80.334353 1.241493 0.648213 -154.609818
2019-04-26 10:08:39.002242552 116.207397 39.864449 80.346750 1.208533 0.681173 -154.944916
2019-04-26 10:08:39.102026518 116.207403 39.864438 80.359879 1.241493 0.582293 -155.318466
2019-04-26 10:08:39.201696576 116.207409 39.864428 80.374824 1.126133 0.428480 -155.746933
2019-04-26 10:08:39.301883129 116.207415 39.864418 80.383674 1.032746 0.472427 -156.224854
2019-04-26 10:08:39.401725168 116.207421 39.864407 80.390174 1.137120 0.538347 -156.697281
2019-04-26 10:08:39.502738310 116.207427 39.864397 80.400030 1.192053 0.521867 -157.175201
2019-04-26 10:08:39.602629190 116.207432 39.864386 80.409154 1.296426 0.560320 -157.642136
2019-04-26 10:08:39.702155061 116.207438 39.864376 80.417241 1.406293 0.692160 -158.120056
2019-04-26 10:08:39.802766176 116.207443 39.864366 80.427754 1.439253 0.719626 -158.608963
2019-04-26 10:08:39.901332066 116.207448 39.864355 80.441570 1.428266 0.582293 -159.114349
2019-04-26 10:08:40.002030935 116.207453 39.864345 80.452861 1.378826 0.565813 -159.641708
2019-04-26 10:08:40.102593147 116.207458 39.864334 80.460428 1.373333 0.620746 -160.174561
2019-04-26 10:08:40.203076219 116.207463 39.864324 80.469499 1.362346 0.708640 -160.696426
2019-04-26 10:08:40.301451489 116.207468 39.864313 80.479730 1.362346 0.807520 -161.223785
2019-04-26 10:08:40.401679363 116.207472 39.864303 80.492325 1.340373 0.867946 -161.756653
2019-04-26 10:08:40.501876092 116.207477 39.864293 80.506912 1.439253 0.818506 -162.294998
2019-04-26 10:08:40.601721980 116.207481 39.864282 80.521635 1.400800 0.791040 -162.844330
2019-04-26 10:08:40.702477301 116.207485 39.864272 80.535207 1.450240 0.730613 -163.399155
2019-04-26 10:08:40.802056563 116.207489 39.864261 80.548543 1.488693 0.554826 -163.964966
2019-04-26 10:08:40.902060197 116.207492 39.864251 80.559055 1.488693 0.450453 -164.574722
2019-04-26 10:08:41.002094157 116.207496 39.864240 80.564464 1.400800 0.450453 -165.184479
2019-04-26 10:08:41.101643432 116.207500 39.864230 80.569400 1.417280 0.368053 -165.772278
2019-04-26 10:08:41.201400604 116.207503 39.864219 80.575091 1.334880 0.351573 -166.404007
2019-04-26 10:08:41.301816331 116.207506 39.864209 80.576411 1.279946 0.477920 -167.057709
2019-04-26 10:08:41.402665112 116.207509 39.864199 80.580180 1.279946 0.565813 -167.700424
2019-04-26 10:08:41.502727647 116.207512 39.864188 80.586565 1.257973 0.631733 -168.354141
2019-04-26 10:08:41.602098900 116.207515 39.864178 80.594484 1.290933 0.670186 -169.007843
2019-04-26 10:08:41.702321852 116.207517 39.864167 80.603898 1.307413 0.703146 -169.672531
2019-04-26 10:08:41.802859380 116.207520 39.864157 80.612809 1.263466 0.813013 -170.359207
2019-04-26 10:08:41.902963704 116.207522 39.864147 80.623367 1.329386 0.818506 -171.067841
2019-04-26 10:08:42.002500354 116.207524 39.864136 80.635932 1.225013 0.791040 -171.820435
2019-04-26 10:08:42.102576719 116.207526 39.864126 80.647169 1.197546 0.878933 -172.600479
2019-04-26 10:08:42.201608428 116.207528 39.864116 80.659215 1.164586 0.944853 -173.397018
2019-04-26 10:08:42.302358195 116.207529 39.864105 80.676503 1.071200 0.802026 -174.226501
2019-04-26 10:08:42.402363247 116.207530 39.864095 80.692470 1.104160 0.664693 -175.066986
2019-04-26 10:08:42.501777536 116.207531 39.864085 80.703517 1.104160 0.609760 -175.912964
2019-04-26 10:08:42.602817663 116.207532 39.864075 80.712137 1.082186 0.637226 -176.769928
2019-04-26 10:08:42.703115521 116.207533 39.864065 80.718813 1.164586 0.642720 -177.610397
2019-04-26 10:08:42.802971380 116.207533 39.864054 80.725969 1.192053 0.626240 -178.456375
2019-04-26 10:08:42.903173554 116.207534 39.864044 80.733208 1.241493 0.587786 -179.296860
2019-04-26 10:08:43.001623193 116.207534 39.864034 80.739243 1.296426 0.576800 179.851685
2019-04-26 10:08:43.102328538 116.207534 39.864024 80.743958 1.351360 0.576800 179.005707
2019-04-26 10:08:43.201901441 116.207534 39.864014 80.750648 1.334880 0.620746 178.159729
2019-04-26 10:08:43.301450849 116.207533 39.864004 80.757064 1.406293 0.725120 177.319260
2019-04-26 10:08:43.401917938 116.207532 39.863993 80.764052 1.329386 0.807520 176.478775
2019-04-26 10:08:43.502201946 116.207531 39.863983 80.773337 1.301920 0.813013 175.638290
2019-04-26 10:08:43.602758184 116.207530 39.863973 80.784345 1.290933 0.703146 174.808807
2019-04-26 10:08:43.701920674 116.207529 39.863963 80.795201 1.181066 0.631733 173.984802
2019-04-26 10:08:43.801750285 116.207528 39.863953 80.802159 1.192053 0.626240 173.166290
2019-04-26 10:08:43.902462186 116.207526 39.863943 80.808292 1.219520 0.598773 172.347794
2019-04-26 10:08:44.002995307 116.207524 39.863933 80.814075 1.230506 0.565813 171.518295
2019-04-26 10:08:44.102069819 116.207522 39.863923 80.819713 1.230506 0.587786 170.705276
2019-04-26 10:08:44.201475312 116.207520 39.863913 80.824840 1.230506 0.697653 169.897766
2019-04-26 10:08:44.302368058 116.207518 39.863903 80.830531 1.296426 0.807520 169.062775
2019-04-26 10:08:44.402178853 116.207515 39.863894 80.839174 1.225013 0.840480 168.211304
2019-04-26 10:08:44.502879568 116.207512 39.863884 80.849504 1.208533 0.867946 167.348862
2019-04-26 10:08:44.602566175 116.207510 39.863874 80.860337 1.142613 0.758080 166.497391
2019-04-26 10:08:44.702469780 116.207506 39.863864 80.871742 1.010773 0.659200 165.629440
2019-04-26 10:08:44.802800798 116.207503 39.863854 80.878837 0.977813 0.620746 164.772491
2019-04-26 10:08:44.902913072 116.207500 39.863845 80.884605 0.900906 0.587786 163.926514
2019-04-26 10:08:45.002699931 116.207496 39.863835 80.890837 0.840480 0.565813 163.086029
2019-04-26 10:08:45.102393475 116.207492 39.863826 80.894751 0.796533 0.560320 162.251053
2019-04-26 10:08:45.201171918 116.207488 39.863816 80.900305 0.763573 0.510880 161.410568
2019-04-26 10:08:45.301550362 116.207484 39.863807 80.904730 0.725120 0.549333 160.586563
2019-04-26 10:08:45.402255017 116.207480 39.863797 80.908292 0.747093 0.615253 159.773560
2019-04-26 10:08:45.501914798 116.207475 39.863788 80.912687 0.774560 0.675680 158.977020
2019-04-26 10:08:45.602112880 116.207470 39.863779 80.918088 0.714133 0.791040 158.202454
2019-04-26 10:08:45.701763283 116.207466 39.863770 80.924214 0.582293 0.928373 157.455368
2019-04-26 10:08:45.802478157 116.207461 39.863760 80.933285 0.549333 1.016266 156.735733
2019-04-26 10:08:45.902161277 116.207455 39.863751 80.945590 0.439467 0.917386 156.043579
2019-04-26 10:08:46.002945233 116.207450 39.863742 80.959826 0.362560 0.747093 155.356918
2019-04-26 10:08:46.102688682 116.207445 39.863733 80.971139 0.335093 0.417493 154.681229
2019-04-26 10:08:46.202699049 116.207439 39.863724 80.978715 0.208747 0.164800 154.011047
2019-04-26 10:08:46.401409033 116.207428 39.863706 80.970354 0.164800 0.318613 152.676163
2019-04-26 10:08:46.501923519 116.207422 39.863698 80.965532 0.252693 0.439467 152.000488
2019-04-26 10:08:46.601484772 116.207415 39.863689 80.965143 0.236213 0.444960 151.324814
2019-04-26 10:08:46.702589243 116.207409 39.863680 80.966921 0.071413 0.521867 150.632645
2019-04-26 10:08:46.801607466 116.207403 39.863671 80.967378 0.120853 0.747093 149.924011
2019-04-26 10:08:46.902300740 116.207396 39.863663 80.969354 0.038453 0.917386 149.165924
2019-04-26 10:08:47.001773909 116.207390 39.863654 80.979669 0.032960 0.917386 148.352921
2019-04-26 10:08:47.102251932 116.207383 39.863646 80.989731 0.071413 0.944853 147.550888
2019-04-26 10:08:47.202514948 116.207376 39.863637 81.000694 0.065920 0.856960 146.737869
2019-04-26 10:08:47.303026049 116.207369 39.863629 81.011596 0.109867 0.736106 145.930359
2019-04-26 10:08:47.402509069 116.207361 39.863621 81.018500 0.164800 0.752586 145.117340
2019-04-26 10:08:47.502608505 116.207354 39.863613 81.022871 0.296640 0.791040 144.298843
2019-04-26 10:08:47.602272708 116.207346 39.863605 81.028845 0.499893 0.769066 143.496811
2019-04-26 10:08:47.702023854 116.207339 39.863597 81.035657 0.659200 0.598773 142.700272
2019-04-26 10:08:47.801396799 116.207330 39.863589 81.042691 0.686666 0.274667 141.909241
2019-04-26 10:08:47.902840715 116.207322 39.863581 81.044835 0.571307 0.016480 141.107208
2019-04-26 10:08:48.002434218 116.207314 39.863573 81.036504 0.280160 0.038453 140.305191
2019-04-26 10:08:48.101670924 116.207306 39.863565 81.023970 0.093387 0.115360 139.514145
2019-04-26 10:08:48.202443561 116.207297 39.863558 81.015807 0.049440 0.104373 138.745071
2019-04-26 10:08:48.302621471 116.207288 39.863550 81.008765 -0.005493 0.109867 138.003479
2019-04-26 10:08:48.402748984 116.207279 39.863542 81.001098 0.054933 0.142827 137.278366
2019-04-26 10:08:48.501427735 116.207270 39.863535 80.994499 0.071413 0.197760 136.586197
2019-04-26 10:08:48.601916855 116.207261 39.863527 80.987916 0.049440 0.285653 135.905029
2019-04-26 10:08:48.701555360 116.207252 39.863520 80.982797 0.109867 0.373547 135.229340
2019-04-26 10:08:48.801674909 116.207242 39.863513 80.979318 0.164800 0.433973 134.570145
2019-04-26 10:08:48.901797182 116.207232 39.863505 80.979241 0.285653 0.318613 133.905457
2019-04-26 10:08:49.002293456 116.207222 39.863498 80.979493 0.269173 0.148320 133.262741
2019-04-26 10:08:49.101450528 116.207212 39.863491 80.974618 0.324107 0.192267 132.636490
2019-04-26 10:08:49.201201182 116.207202 39.863484 80.963984 0.417493 0.412000 132.004761
2019-04-26 10:08:49.301594467 116.207192 39.863477 80.958422 0.587786 0.412000 131.384018
2019-04-26 10:08:49.402640846 116.207181 39.863470 80.957964 0.626240 0.203253 130.785248
2019-04-26 10:08:49.501532648 116.207171 39.863463 80.955271 0.659200 0.021973 130.213928
2019-04-26 10:08:49.601801567 116.207160 39.863456 80.945735 0.615253 0.032960 129.653610
2019-04-26 10:08:49.701529717 116.207149 39.863449 80.933292 0.620746 0.126347 129.098785
2019-04-26 10:08:49.801549849 116.207138 39.863442 80.923535 0.565813 0.104373 128.576920
2019-04-26 10:08:49.903033587 116.207127 39.863435 80.915685 0.521867 0.115360 128.066040
2019-04-26 10:08:50.002087291 116.207115 39.863429 80.906934 0.593280 0.076907 127.593613
2019-04-26 10:08:50.102294377 116.207104 39.863422 80.899435 0.637226 0.000000 127.148659
2019-04-26 10:08:50.201886500 116.207092 39.863415 80.889167 0.670186 -0.005493 126.698204
2019-04-26 10:08:50.301656901 116.207081 39.863409 80.877601 0.741600 0.016480 126.291695
2019-04-26 10:08:50.502127396 116.207057 39.863396 80.854920 0.851466 0.038453 125.632500
2019-04-26 10:08:50.601876975 116.207045 39.863389 80.843851 0.966826 0.043947 125.324867
2019-04-26 10:08:50.702749180 116.207033 39.863383 80.835085 1.038240 -0.131840 125.044708
2019-04-26 10:08:50.801138650 116.207020 39.863376 80.825396 1.054720 -0.379040 124.786522
2019-04-26 10:08:50.902475422 116.207008 39.863370 80.810505 1.005280 -0.488907 124.539322
2019-04-26 10:08:51.001946002 116.206996 39.863363 80.789998 1.060213 -0.543840 124.347054
2019-04-26 10:08:51.102449764 116.206983 39.863357 80.768286 1.065706 -0.549333 124.198738
2019-04-26 10:08:51.202063976 116.206971 39.863350 80.743126 1.071200 -0.472427 124.072388
2019-04-26 10:08:51.302848565 116.206958 39.863344 80.719370 1.005280 -0.379040 123.979004
2019-04-26 10:08:51.402357327 116.206945 39.863337 80.697978 0.972320 -0.351573 123.913086
2019-04-26 10:08:51.452907355 116.206939 39.863334 80.687793 0.933866 -0.307627 123.896606
2019-04-26 10:08:51.601907725 116.206919 39.863324 80.657003 0.933866 -0.109867 123.880127
2019-04-26 10:08:51.650989966 116.206913 39.863321 80.647711 0.906400 -0.010987 123.880127
2019-04-26 10:08:51.802484221 116.206893 39.863311 80.626518 0.955840 0.115360 123.891113
2019-04-26 10:08:51.851141892 116.206887 39.863307 80.621712 0.944853 0.104373 123.902100
2019-04-26 10:08:52.002327709 116.206867 39.863297 80.608590 0.961333 -0.010987 123.935059
2019-04-26 10:08:52.053048851 116.206860 39.863294 80.604150 0.955840 -0.093387 123.940552
2019-04-26 10:08:52.201993649 116.206840 39.863283 80.583979 0.802026 -0.499893 123.946045
2019-04-26 10:08:52.252644957 116.206833 39.863280 80.573672 0.769066 -0.593280 123.935059
2019-04-26 10:08:52.402479952 116.206813 39.863270 80.532911 0.675680 -0.697653 123.907593
2019-04-26 10:08:52.451589603 116.206806 39.863266 80.518546 0.642720 -0.708640 123.902100
2019-04-26 10:08:52.602524706 116.206785 39.863256 80.474786 0.538347 -0.692160 123.885620
2019-04-26 10:08:52.652022387 116.206778 39.863252 80.460306 0.488907 -0.648213 123.874626
2019-04-26 10:08:52.801826923 116.206757 39.863242 80.418347 0.401013 -0.455947 123.808708
2019-04-26 10:08:52.902931591 116.206744 39.863235 80.394881 0.406507 -0.329600 123.764763
2019-04-26 10:08:53.003033125 116.206730 39.863228 80.375930 0.455947 -0.362560 123.731804
2019-04-26 10:08:53.102500482 116.206716 39.863220 80.359833 0.494400 -0.412000 123.665886
2019-04-26 10:08:53.201460026 116.206702 39.863213 80.336718 0.494400 -0.384533 123.610947
2019-04-26 10:08:53.252312435 116.206695 39.863210 80.325183 0.532853 -0.406507 123.583481
2019-04-26 10:08:53.402085876 116.206673 39.863199 80.292279 0.543840 -0.587786 123.490097
2019-04-26 10:08:53.502970782 116.206659 39.863192 80.266616 0.576800 -0.659200 123.418686
2019-04-26 10:08:53.602495580 116.206645 39.863185 80.239884 0.620746 -0.758080 123.341774
2019-04-26 10:08:53.652083517 116.206638 39.863181 80.225549 0.587786 -0.752586 123.303322
2019-04-26 10:08:53.802671677 116.206616 39.863171 80.180424 0.532853 -0.560320 123.193459
2019-04-26 10:08:53.851840607 116.206609 39.863167 80.167104 0.499893 -0.538347 123.155006
2019-04-26 10:08:54.001757588 116.206587 39.863156 80.132735 0.505387 -0.532853 123.039642
2019-04-26 10:08:54.051819687 116.206580 39.863153 80.121521 0.494400 -0.488907 122.995697
2019-04-26 10:08:54.202643103 116.206558 39.863142 80.088396 0.582293 -0.505387 122.902313
2019-04-26 10:08:54.252539960 116.206551 39.863139 80.077655 0.609760 -0.538347 122.874840
2019-04-26 10:08:54.402693022 116.206529 39.863128 80.043080 0.620746 -0.521867 122.770470
2019-04-26 10:08:54.452193644 116.206522 39.863124 80.030775 0.648213 -0.494400 122.732018
2019-04-26 10:08:54.601289385 116.206500 39.863114 79.998924 0.609760 -0.664693 122.627647
2019-04-26 10:08:54.651317461 116.206492 39.863110 79.987153 0.604266 -0.703146 122.594681
2019-04-26 10:08:54.801970041 116.206470 39.863100 79.949008 0.538347 -0.824000 122.490311
2019-04-26 10:08:54.852670684 116.206463 39.863096 79.935558 0.521867 -0.862453 122.462845
2019-04-26 10:08:55.002095668 116.206441 39.863085 79.892737 0.417493 -0.878933 122.369453
2019-04-26 10:08:55.051671471 116.206434 39.863082 79.876968 0.401013 -0.802026 122.331001
2019-04-26 10:08:55.202061778 116.206412 39.863071 79.829936 0.417493 -0.675680 122.237617
2019-04-26 10:08:55.252510843 116.206404 39.863068 79.815059 0.417493 -0.659200 122.204659
2019-04-26 10:08:55.402641711 116.206382 39.863057 79.771536 0.444960 -0.422987 122.111267
2019-04-26 10:08:55.451763295 116.206374 39.863053 79.759071 0.461440 -0.379040 122.083801
2019-04-26 10:08:55.602314823 116.206352 39.863043 79.727571 0.483413 -0.340587 122.001404
2019-04-26 10:08:55.802638428 116.206322 39.863029 79.690319 0.565813 -0.549333 121.886047
2019-04-26 10:08:55.852212154 116.206314 39.863025 79.679539 0.598773 -0.593280 121.858574
2019-04-26 10:08:56.001703702 116.206291 39.863014 79.643462 0.648213 -0.664693 121.770683
2019-04-26 10:08:56.051759278 116.206284 39.863011 79.629852 0.675680 -0.648213 121.737724
2019-04-26 10:08:56.202564891 116.206261 39.863000 79.585245 0.675680 -0.576800 121.655327
2019-04-26 10:08:56.251761575 116.206254 39.862997 79.569782 0.697653 -0.532853 121.627861
2019-04-26 10:08:56.402665032 116.206231 39.862986 79.526892 0.670186 -0.406507 121.539963
2019-04-26 10:08:56.452457055 116.206223 39.862982 79.513862 0.670186 -0.384533 121.512497
2019-04-26 10:08:56.601787762 116.206200 39.862972 79.479325 0.670186 -0.455947 121.424606
2019-04-26 10:08:56.651762907 116.206192 39.862968 79.468797 0.675680 -0.549333 121.397141
2019-04-26 10:08:56.802006638 116.206169 39.862957 79.431469 0.571307 -0.703146 121.303749
2019-04-26 10:08:56.851723107 116.206161 39.862954 79.418035 0.560320 -0.791040 121.276283
2019-04-26 10:08:57.002082245 116.206137 39.862943 79.371345 0.483413 -0.845973 121.204872
2019-04-26 10:08:57.051655565 116.206129 39.862939 79.353807 0.477920 -0.774560 121.171913
2019-04-26 10:08:57.202131115 116.206106 39.862929 79.302212 0.428480 -0.598773 121.105988
2019-04-26 10:08:57.253036557 116.206098 39.862925 79.286107 0.461440 -0.527360 121.095001
2019-04-26 10:08:57.401775019 116.206074 39.862914 79.243141 0.527360 -0.444960 121.040070
2019-04-26 10:08:57.452815737 116.206067 39.862911 79.230805 0.538347 -0.428480 121.023590
2019-04-26 10:08:57.602064730 116.206043 39.862900 79.193759 0.598773 -0.318613 120.957672
2019-04-26 10:08:57.651265894 116.206035 39.862896 79.184086 0.593280 -0.362560 120.941193
2019-04-26 10:08:57.802723469 116.206011 39.862885 79.153593 0.576800 -0.637226 120.886261
2019-04-26 10:08:57.851485032 116.206003 39.862882 79.142165 0.565813 -0.769066 120.864281
2019-04-26 10:08:58.001211548 116.205978 39.862871 79.094125 0.450453 -0.818506 120.792870
2019-04-26 10:08:58.051362384 116.205970 39.862867 79.075740 0.433973 -0.747093 120.770897
2019-04-26 10:08:58.252271465 116.205938 39.862853 79.004379 0.477920 -0.450453 120.699486
2019-04-26 10:08:58.401157681 116.205914 39.862842 78.960673 0.543840 -0.390027 120.639061
2019-04-26 10:08:58.451338366 116.205905 39.862838 78.947604 0.554826 -0.401013 120.622574
2019-04-26 10:08:58.602211259 116.205881 39.862827 78.909368 0.549333 -0.406507 120.606094
2019-04-26 10:08:58.651764830 116.205873 39.862823 78.896345 0.543840 -0.384533 120.600601
2019-04-26 10:08:58.802894669 116.205848 39.862812 78.860711 0.609760 -0.521867 120.606094
2019-04-26 10:08:58.852162052 116.205840 39.862809 78.848939 0.598773 -0.620746 120.606094
2019-04-26 10:08:59.002152779 116.205815 39.862797 78.805760 0.543840 -0.637226 120.617081
2019-04-26 10:08:59.051738004 116.205806 39.862794 78.790807 0.532853 -0.620746 120.622574
2019-04-26 10:08:59.202714995 116.205782 39.862783 78.742920 0.499893 -0.565813 120.639061
2019-04-26 10:08:59.252409072 116.205773 39.862779 78.726640 0.488907 -0.532853 120.644554
2019-04-26 10:08:59.401390810 116.205748 39.862768 78.681721 0.488907 -0.494400 120.661034
2019-04-26 10:08:59.452471831 116.205740 39.862764 78.668012 0.466933 -0.483413 120.672020
2019-04-26 10:08:59.602606688 116.205715 39.862753 78.628456 0.444960 -0.428480 120.693993
2019-04-26 10:08:59.651995872 116.205707 39.862749 78.617317 0.461440 -0.483413 120.699486
2019-04-26 10:08:59.802339387 116.205682 39.862738 78.582331 0.412000 -0.681173 120.721458
2019-04-26 10:08:59.852028129 116.205673 39.862734 78.569415 0.417493 -0.736106 120.726952
2019-04-26 10:09:00.002296067 116.205648 39.862723 78.525717 0.401013 -0.747093 120.748924
2019-04-26 10:09:00.051937567 116.205640 39.862719 78.510108 0.373547 -0.697653 120.754417
2019-04-26 10:09:00.201726371 116.205615 39.862708 78.464441 0.401013 -0.587786 120.781883
2019-04-26 10:09:00.252828844 116.205607 39.862704 78.449359 0.428480 -0.560320 120.787376
2019-04-26 10:09:00.401676750 116.205582 39.862693 78.409139 0.488907 -0.521867 120.809349
2019-04-26 10:09:00.451823538 116.205573 39.862689 78.395903 0.510880 -0.461440 120.814842
2019-04-26 10:09:00.601218562 116.205548 39.862678 78.364510 0.587786 -0.730613 120.831322
2019-04-26 10:09:00.651558075 116.205540 39.862674 78.353486 0.560320 -0.895413 120.831322
2019-04-26 10:09:00.801485405 116.205515 39.862663 78.304959 0.406507 -0.999786 120.803856
2019-04-26 10:09:00.851222024 116.205507 39.862659 78.285200 0.368053 -0.906400 120.792870
2019-04-26 10:09:01.002715723 116.205482 39.862648 78.232301 0.455947 -0.637226 120.759911
2019-04-26 10:09:01.052487334 116.205474 39.862644 78.217844 0.461440 -0.582293 120.754417
2019-04-26 10:09:01.201381761 116.205449 39.862633 78.175854 0.527360 -0.571307 120.699486
2019-04-26 10:09:01.251482333 116.205440 39.862629 78.160856 0.527360 -0.549333 120.672020
2019-04-26 10:09:01.401216695 116.205415 39.862618 78.118080 0.576800 -0.521867 120.589615
2019-04-26 10:09:01.451570372 116.205407 39.862614 78.105027 0.587786 -0.560320 120.562149
2019-04-26 10:09:01.602231394 116.205382 39.862603 78.063236 0.560320 -0.714133 120.479752
2019-04-26 10:09:01.651650374 116.205373 39.862599 78.047055 0.571307 -0.697653 120.452286
2019-04-26 10:09:01.801259430 116.205348 39.862588 77.998573 0.582293 -0.648213 120.358894
2019-04-26 10:09:01.852733869 116.205339 39.862584 77.982873 0.604266 -0.620746 120.331429
2019-04-26 10:09:02.002367674 116.205314 39.862573 77.938572 0.615253 -0.609760 120.260017
2019-04-26 10:09:02.051090676 116.205305 39.862569 77.923588 0.626240 -0.560320 120.232552
2019-04-26 10:09:02.202764325 116.205280 39.862558 77.878227 0.730613 -0.439467 120.183113
2019-04-26 10:09:02.251661095 116.205271 39.862554 77.863945 0.747093 -0.439467 120.177620
2019-04-26 10:09:02.402811050 116.205245 39.862543 77.822986 0.829493 -0.571307 120.199593
2019-04-26 10:09:02.452093995 116.205237 39.862539 77.808506 0.796533 -0.604266 120.210579
2019-04-26 10:09:02.601449111 116.205211 39.862528 77.760436 0.763573 -0.587786 120.249031
2019-04-26 10:09:02.652212734 116.205202 39.862524 77.745033 0.741600 -0.615253 120.265511
2019-04-26 10:09:02.801935789 116.205176 39.862512 77.698085 0.703146 -0.543840 120.320442
2019-04-26 10:09:02.852673864 116.205167 39.862508 77.682438 0.708640 -0.472427 120.336922
2019-04-26 10:09:03.001815684 116.205141 39.862497 77.643378 0.725120 -0.412000 120.386368
2019-04-26 10:09:03.052414051 116.205132 39.862493 77.631942 0.719626 -0.433973 120.397354
2019-04-26 10:09:03.201780361 116.205106 39.862481 77.592256 0.725120 -0.499893 120.402847
2019-04-26 10:09:03.252316156 116.205097 39.862477 77.578906 0.714133 -0.604266 120.408340
2019-04-26 10:09:03.401533247 116.205071 39.862466 77.530485 0.664693 -0.807520 120.419327
2019-04-26 10:09:03.452715611 116.205062 39.862462 77.511168 0.648213 -0.769066 120.413834
2019-04-26 10:09:03.601998811 116.205035 39.862450 77.455508 0.648213 -0.593280 120.419327
2019-04-26 10:09:03.652841328 116.205026 39.862446 77.438785 0.648213 -0.543840 120.424820
2019-04-26 10:09:03.851946378 116.204991 39.862430 77.380126 0.736106 -0.346080 120.435806
2019-04-26 10:09:04.001812221 116.204964 39.862419 77.345430 0.845973 -0.219733 120.441299
2019-04-26 10:09:04.052305622 116.204955 39.862415 77.335970 0.895413 -0.214240 120.435806
2019-04-26 10:09:04.201197548 116.204929 39.862403 77.307903 0.917386 -0.725120 120.446793
2019-04-26 10:09:04.252257437 116.204920 39.862399 77.294026 0.889920 -0.873440 120.446793
2019-04-26 10:09:04.402836618 116.204893 39.862387 77.234788 0.763573 -0.922880 120.441299
2019-04-26 10:09:04.452030250 116.204884 39.862383 77.212542 0.736106 -0.824000 120.441299
2019-04-26 10:09:04.601430583 116.204857 39.862371 77.152616 0.631733 -0.505387 120.441299
2019-04-26 10:09:04.802533352 116.204821 39.862355 77.097444 0.593280 -0.560320 120.446793
2019-04-26 10:09:04.852347171 116.204812 39.862351 77.085650 0.593280 -0.664693 120.446793
2019-04-26 10:09:05.002351383 116.204785 39.862339 77.039930 0.532853 -0.747093 120.441299
2019-04-26 10:09:05.052681475 116.204776 39.862335 77.023138 0.521867 -0.730613 120.435806
2019-04-26 10:09:05.201471185 116.204749 39.862323 76.968515 0.499893 -0.549333 120.430313
2019-04-26 10:09:05.252115275 116.204740 39.862319 76.950503 0.494400 -0.461440 120.430313
2019-04-26 10:09:05.401715440 116.204712 39.862307 76.907110 0.510880 -0.351573 120.463272
2019-04-26 10:09:05.451347038 116.204703 39.862303 76.895346 0.549333 -0.406507 120.474258
2019-04-26 10:09:05.602759343 116.204676 39.862291 76.859002 0.615253 -0.615253 120.501724
2019-04-26 10:09:05.652274832 116.204667 39.862286 76.843904 0.615253 -0.604266 120.507217
2019-04-26 10:09:05.801710029 116.204639 39.862274 76.798268 0.681173 -0.571307 120.523697
2019-04-26 10:09:05.851142859 116.204630 39.862270 76.784483 0.703146 -0.626240 120.534683
2019-04-26 10:09:06.001438556 116.204603 39.862258 76.739937 0.747093 -0.785546 120.556656
2019-04-26 10:09:06.052175596 116.204594 39.862254 76.722215 0.730613 -0.719626 120.556656
2019-04-26 10:09:06.202823334 116.204566 39.862242 76.670056 0.719626 -0.615253 120.578629
2019-04-26 10:09:06.251981872 116.204557 39.862238 76.654760 0.637226 -0.659200 120.584122
2019-04-26 10:09:06.401722275 116.204530 39.862225 76.606164 0.461440 -0.785546 120.611588
2019-04-26 10:09:06.452616415 116.204520 39.862221 76.589540 0.368053 -0.818506 120.617081
2019-04-26 10:09:06.602787328 116.204493 39.862209 76.533216 0.236213 -0.571307 120.639061
2019-04-26 10:09:06.652372701 116.204484 39.862205 76.517768 0.252693 -0.560320 120.650047
2019-04-26 10:09:06.801484231 116.204456 39.862192 76.476503 0.296640 -0.609760 120.683006
2019-04-26 10:09:06.851284487 116.204447 39.862188 76.462664 0.340587 -0.653706 120.693993
2019-04-26 10:09:07.002215657 116.204419 39.862176 76.420255 0.390027 -1.027253 120.715965
2019-04-26 10:09:07.051994835 116.204410 39.862172 76.401312 0.412000 -1.027253 120.721458
2019-04-26 10:09:07.201563411 116.204382 39.862159 76.335345 0.412000 -0.697653 120.726952
2019-04-26 10:09:07.251761239 116.204373 39.862155 76.314960 0.401013 -0.554826 120.732445
2019-04-26 10:09:07.401748256 116.204346 39.862143 76.270308 0.417493 -0.351573 120.737938
2019-04-26 10:09:07.452673742 116.204336 39.862139 76.259864 0.428480 -0.384533 120.743431
2019-04-26 10:09:07.601118229 116.204309 39.862126 76.228418 0.444960 -0.736106 120.759911
2019-04-26 10:09:07.651898384 116.204299 39.862122 76.214907 0.461440 -0.829493 120.759911
2019-04-26 10:09:07.802698709 116.204272 39.862110 76.161252 0.428480 -0.785546 120.770897
2019-04-26 10:09:07.851273426 116.204262 39.862105 76.142851 0.417493 -0.714133 120.776390
2019-04-26 10:09:08.001878687 116.204235 39.862093 76.095209 0.461440 -0.483413 120.781883
2019-04-26 10:09:08.051072727 116.204225 39.862089 76.082713 0.439467 -0.444960 120.792870
2019-04-26 10:09:08.201053716 116.204198 39.862076 76.044057 0.362560 -0.488907 120.814842
2019-04-26 10:09:08.251934364 116.204189 39.862072 76.031111 0.318613 -0.615253 120.820335
2019-04-26 10:09:08.402782804 116.204161 39.862059 75.982537 0.170293 -0.851466 120.831322
2019-04-26 10:09:08.451605045 116.204151 39.862055 75.962725 0.153813 -0.834986 120.831322
2019-04-26 10:09:08.602940393 116.204124 39.862043 75.904760 0.263680 -0.714133 120.842308
2019-04-26 10:09:08.652457606 116.204114 39.862039 75.886779 0.324107 -0.653706 120.847801
2019-04-26 10:09:08.801691142 116.204087 39.862026 75.837946 0.472427 -0.390027 120.831322
2019-04-26 10:09:08.851823956 116.204077 39.862022 75.825427 0.499893 -0.390027 120.825829
2019-04-26 10:09:09.002715925 116.204049 39.862009 75.793347 0.516373 -0.780053 120.798363
2019-04-26 10:09:09.052713226 116.204040 39.862005 75.778807 0.505387 -0.862453 120.781883
2019-04-26 10:09:09.202417778 116.204012 39.861992 75.716448 0.472427 -0.714133 120.765404
2019-04-26 10:09:09.252107430 116.204003 39.861988 75.694766 0.483413 -0.637226 120.759911
2019-04-26 10:09:09.401613001 116.203975 39.861975 75.640143 0.499893 -0.543840 120.754417
2019-04-26 10:09:09.451316038 116.203965 39.861971 75.623977 0.499893 -0.549333 120.748924
2019-04-26 10:09:09.602697115 116.203937 39.861959 75.576808 0.422987 -0.747093 120.743431
2019-04-26 10:09:09.651888479 116.203928 39.861954 75.561931 0.346080 -0.917386 120.743431
2019-04-26 10:09:09.802478194 116.203900 39.861942 75.503555 0.302133 -0.736106 120.732445
2019-04-26 10:09:09.852288871 116.203890 39.861937 75.485451 0.324107 -0.714133 120.732445
2019-04-26 10:09:10.002485246 116.203862 39.861925 75.435963 0.346080 -0.670186 120.721458
2019-04-26 10:09:10.051431202 116.203853 39.861921 75.419293 0.313120 -0.587786 120.715965
2019-04-26 10:09:10.201932773 116.203825 39.861908 75.370644 0.274667 -0.532853 120.710472
2019-04-26 10:09:10.252460847 116.203815 39.861903 75.354646 0.269173 -0.571307 120.710472
2019-04-26 10:09:10.401893880 116.203787 39.861891 75.303326 0.318613 -0.697653 120.704979
2019-04-26 10:09:10.451792542 116.203777 39.861887 75.285055 0.296640 -0.719626 120.699486
2019-04-26 10:09:10.602483043 116.203749 39.861874 75.227388 0.258187 -0.653706 120.693993
2019-04-26 10:09:10.652843185 116.203740 39.861870 75.209109 0.247200 -0.659200 120.688499
2019-04-26 10:09:10.801493417 116.203711 39.861857 75.156423 0.219733 -0.708640 120.672020
2019-04-26 10:09:10.851297337 116.203702 39.861853 75.137404 0.208747 -0.642720 120.666527
2019-04-26 10:09:11.001745121 116.203673 39.861840 75.087572 0.203253 -0.543840 120.655540
2019-04-26 10:09:11.052127108 116.203664 39.861836 75.073550 0.214240 -0.587786 120.650047
2019-04-26 10:09:11.201574121 116.203636 39.861823 75.021674 0.291147 -0.609760 120.633568
2019-04-26 10:09:11.252803025 116.203626 39.861818 75.002487 0.346080 -0.604266 120.622574
2019-04-26 10:09:11.401517395 116.203598 39.861806 74.947093 0.455947 -0.648213 120.611588
2019-04-26 10:09:11.451232715 116.203588 39.861802 74.927815 0.499893 -0.637226 120.606094
2019-04-26 10:09:11.601777499 116.203560 39.861789 74.872856 0.587786 -0.774560 120.595108
2019-04-26 10:09:11.652624054 116.203550 39.861784 74.853456 0.593280 -0.796533 120.584122
2019-04-26 10:09:11.801991712 116.203522 39.861772 74.791547 0.549333 -0.670186 120.573135
2019-04-26 10:09:11.851247809 116.203512 39.861767 74.771719 0.549333 -0.593280 120.567642
2019-04-26 10:09:12.002736711 116.203483 39.861755 74.720750 0.554826 -0.521867 120.551163
2019-04-26 10:09:12.051949790 116.203474 39.861750 74.706057 0.560320 -0.576800 120.551163
2019-04-26 10:09:12.201917752 116.203445 39.861737 74.652349 0.466933 -0.725120 120.545670
2019-04-26 10:09:12.251485358 116.203436 39.861733 74.631690 0.444960 -0.774560 120.540176
2019-04-26 10:09:12.402486775 116.203407 39.861720 74.564899 0.307627 -0.675680 120.529190
2019-04-26 10:09:12.451719936 116.203397 39.861716 74.543767 0.280160 -0.609760 120.529190
2019-04-26 10:09:12.602603325 116.203369 39.861703 74.488198 0.329600 -0.631733 120.534683
2019-04-26 10:09:12.652011948 116.203359 39.861699 74.471246 0.351573 -0.703146 120.534683
2019-04-26 10:09:12.801163892 116.203330 39.861686 74.413701 0.307627 -0.829493 120.534683
2019-04-26 10:09:12.852514813 116.203321 39.861682 74.392630 0.280160 -0.802026 120.529190
2019-04-26 10:09:13.001927113 116.203292 39.861669 74.332606 0.302133 -0.758080 120.523697
2019-04-26 10:09:13.051749772 116.203282 39.861665 74.314190 0.285653 -0.758080 120.523697
2019-04-26 10:09:13.201896273 116.203253 39.861652 74.250923 0.274667 -0.549333 120.518204
2019-04-26 10:09:13.252213277 116.203244 39.861647 74.230905 0.291147 -0.510880 120.512711
2019-04-26 10:09:13.402058509 116.203215 39.861635 74.178685 0.329600 -0.554826 120.518204
2019-04-26 10:09:13.451534363 116.203205 39.861630 74.161542 0.384533 -0.571307 120.523697
2019-04-26 10:09:13.601841856 116.203177 39.861617 74.109414 0.395520 -0.554826 120.512711
2019-04-26 10:09:13.651747615 116.203167 39.861613 74.092974 0.428480 -0.604266 120.518204
2019-04-26 10:09:13.751202247 116.203148 39.861605 74.059086 0.428480 -0.697653 120.518204
2019-04-26 10:09:13.852705956 116.203128 39.861596 74.022116 0.433973 -0.730613 120.518204
2019-04-26 10:09:13.952811313 116.203109 39.861588 73.984704 0.401013 -0.774560 120.507217
2019-04-26 10:09:14.052984297 116.203090 39.861579 73.945133 0.390027 -0.686666 120.501724
2019-04-26 10:09:14.201252791 116.203061 39.861566 73.885573 0.450453 -0.565813 120.501724
2019-04-26 10:09:14.352178070 116.203032 39.861553 73.830409 0.472427 -0.609760 120.501724
2019-04-26 10:09:14.452414956 116.203013 39.861545 73.794064 0.428480 -0.653706 120.496231
2019-04-26 10:09:14.552548657 116.202994 39.861536 73.754775 0.444960 -0.532853 120.485245
2019-04-26 10:09:14.652933349 116.202975 39.861528 73.721201 0.488907 -0.521867 120.485245
2019-04-26 10:09:14.752557274 116.202955 39.861519 73.690059 0.494400 -0.571307 120.474258
2019-04-26 10:09:14.853123981 116.202936 39.861510 73.659109 0.499893 -0.675680 120.474258
2019-04-26 10:09:14.952043687 116.202917 39.861502 73.624664 0.472427 -0.708640 120.463272
2019-04-26 10:09:15.051162165 116.202898 39.861493 73.588160 0.422987 -0.620746 120.457779
2019-04-26 10:09:15.151693912 116.202879 39.861485 73.552800 0.406507 -0.549333 120.457779
2019-04-26 10:09:15.252313120 116.202859 39.861476 73.518042 0.373547 -0.637226 120.463272
2019-04-26 10:09:15.351972676 116.202840 39.861468 73.483758 0.285653 -0.730613 120.468765
2019-04-26 10:09:15.451954158 116.202821 39.861459 73.448619 0.291147 -0.780053 120.474258
2019-04-26 10:09:15.551142951 116.202802 39.861451 73.409322 0.329600 -0.681173 120.474258
2019-04-26 10:09:15.652548851 116.202783 39.861442 73.372963 0.428480 -0.472427 120.479752
2019-04-26 10:09:15.751656956 116.202764 39.861434 73.345270 0.483413 -0.483413 120.485245
2019-04-26 10:09:15.852166462 116.202745 39.861426 73.319583 0.538347 -0.444960 120.490738
2019-04-26 10:09:15.952047384 116.202726 39.861417 73.295995 0.538347 -0.598773 120.485245
2019-04-26 10:09:16.051956598 116.202708 39.861409 73.267531 0.483413 -0.631733 120.485245
2019-04-26 10:09:16.151372324 116.202689 39.861400 73.235230 0.401013 -0.609760 120.485245
2019-04-26 10:09:16.252300774 116.202670 39.861392 73.201541 0.324107 -0.598773 120.485245
2019-04-26 10:09:16.351258635 116.202652 39.861384 73.169026 0.318613 -0.587786 120.490738
2019-04-26 10:09:16.451936806 116.202633 39.861376 73.137862 0.362560 -0.571307 120.496231
2019-04-26 10:09:16.552573505 116.202615 39.861367 73.109284 0.417493 -0.576800 120.501724
2019-04-26 10:09:16.651301359 116.202596 39.861359 73.081675 0.406507 -0.604266 120.512711
2019-04-26 10:09:16.752088699 116.202578 39.861351 73.054959 0.362560 -0.752586 120.518204
2019-04-26 10:09:16.852119386 116.202560 39.861343 73.023535 0.351573 -0.774560 120.507217
2019-04-26 10:09:16.952123749 116.202541 39.861335 72.990265 0.379040 -0.670186 120.507217
2019-04-26 10:09:17.052668564 116.202523 39.861327 72.961893 0.433973 -0.593280 120.523697
2019-04-26 10:09:17.151371289 116.202505 39.861319 72.936176 0.439467 -0.736106 120.529190
2019-04-26 10:09:17.251267448 116.202488 39.861311 72.904394 0.406507 -0.758080 120.534683
2019-04-26 10:09:17.351234737 116.202470 39.861303 72.871071 0.373547 -0.708640 120.534683
2019-04-26 10:09:17.451458553 116.202452 39.861295 72.838381 0.351573 -0.648213 120.540176
2019-04-26 10:09:17.551929003 116.202434 39.861287 72.807758 0.362560 -0.565813 120.545670
2019-04-26 10:09:17.651685741 116.202417 39.861279 72.782621 0.318613 -0.719626 120.556656
2019-04-26 10:09:17.752724212 116.202399 39.861272 72.753097 0.335093 -0.708640 120.556656
2019-04-26 10:09:17.851246095 116.202382 39.861264 72.724153 0.274667 -0.675680 120.556656
2019-04-26 10:09:17.951388769 116.202365 39.861256 72.697070 0.170293 -0.692160 120.573135
2019-04-26 10:09:18.052671659 116.202347 39.861248 72.670346 0.115360 -0.703146 120.578629
2019-04-26 10:09:18.252794287 116.202313 39.861233 72.611397 0.065920 -0.642720 120.617081
2019-04-26 10:09:18.451650653 116.202279 39.861218 72.555065 0.148320 -0.379040 120.628075
2019-04-26 10:09:18.551782928 116.202262 39.861210 72.535573 0.241707 -0.461440 120.633568
2019-04-26 10:09:18.752452863 116.202229 39.861195 72.487473 0.313120 -0.637226 120.628075
2019-04-26 10:09:18.852357605 116.202212 39.861188 72.457819 0.318613 -0.422987 120.611588
2019-04-26 10:09:18.951087018 116.202195 39.861180 72.434055 0.357067 -0.384533 120.606094
2019-04-26 10:09:19.052383136 116.202178 39.861173 72.412969 0.390027 -0.346080 120.600601
2019-04-26 10:09:19.151261205 116.202162 39.861165 72.392752 0.422987 -0.340587 120.584122
2019-04-26 10:09:19.352206646 116.202128 39.861150 72.349977 0.505387 -0.494400 120.562149
2019-04-26 10:09:19.551764155 116.202095 39.861135 72.299756 0.499893 -0.499893 120.540176
2019-04-26 10:09:19.651703022 116.202078 39.861128 72.274809 0.527360 -0.428480 120.534683
2019-04-26 10:09:19.751958929 116.202061 39.861121 72.255172 0.560320 -0.527360 120.556656
2019-04-26 10:09:19.851993059 116.202044 39.861113 72.232057 0.554826 -0.554826 120.551163
2019-04-26 10:09:19.952019994 116.202028 39.861106 72.207591 0.499893 -0.433973 120.540176
2019-04-26 10:09:20.051450482 116.202011 39.861098 72.186138 0.466933 -0.395520 120.534683
2019-04-26 10:09:20.152055045 116.201994 39.861091 72.165425 0.455947 -0.379040 120.518204
2019-04-26 10:09:20.251733348 116.201977 39.861083 72.141951 0.483413 -0.329600 120.512711
2019-04-26 10:09:20.352218517 116.201961 39.861076 72.122528 0.560320 -0.450453 120.507217
2019-04-26 10:09:20.452309433 116.201944 39.861068 72.099428 0.675680 -0.494400 120.490738
2019-04-26 10:09:20.551026458 116.201927 39.861061 72.075213 0.818506 -0.461440 120.479752
2019-04-26 10:09:20.651348973 116.201911 39.861054 72.052052 0.878933 -0.499893 120.479752
2019-04-26 10:09:20.752195839 116.201894 39.861046 72.028799 0.780053 -0.576800 120.474258
2019-04-26 10:09:20.852350733 116.201877 39.861039 72.005378 1.038240 -0.807520 120.452286
2019-04-26 10:09:20.951605130 116.201860 39.861031 71.977304 0.791040 -0.950346 120.402847
2019-04-26 10:09:21.051131173 116.201844 39.861024 71.940685 0.714133 -0.516373 120.314949
2019-04-26 10:09:21.152057028 116.201827 39.861016 71.910009 0.615253 -0.142827 120.199593
2019-04-26 10:09:21.251339032 116.201810 39.861009 71.887809 0.675680 0.274667 120.161140
2019-04-26 10:09:21.351965454 116.201793 39.861002 71.884444 0.774560 0.159307 120.073242
2019-04-26 10:09:21.452213912 116.201776 39.860994 71.886107 0.615253 -0.313120 119.963379
2019-04-26 10:09:21.551078646 116.201760 39.860987 71.874664 0.483413 -0.637226 119.842522
2019-04-26 10:09:21.652501977 116.201743 39.860980 71.846918 0.351573 -0.538347 119.710686
2019-04-26 10:09:21.752345449 116.201726 39.860973 71.817386 0.390027 -0.269173 119.589828
2019-04-26 10:09:21.852460282 116.201709 39.860965 71.795430 0.472427 -0.104373 119.485458
2019-04-26 10:09:21.951072953 116.201692 39.860958 71.781797 0.549333 -0.148320 119.370094
2019-04-26 10:09:22.051381610 116.201675 39.860951 71.770216 0.560320 -0.318613 119.249245
2019-04-26 10:09:22.251788614 116.201641 39.860936 71.727334 0.598773 -0.285653 118.996552
2019-04-26 10:09:22.352281843 116.201624 39.860929 71.707568 0.576800 -0.401013 118.886688
2019-04-26 10:09:22.453108660 116.201607 39.860922 71.683102 0.609760 -0.302133 118.776817
2019-04-26 10:09:22.552144429 116.201590 39.860915 71.660192 0.560320 -0.120853 118.650475
2019-04-26 10:09:22.652765527 116.201573 39.860908 71.645354 0.576800 -0.181280 118.518631
2019-04-26 10:09:22.751519381 116.201556 39.860901 71.628829 0.582293 -0.208747 118.359322
2019-04-26 10:09:22.851358547 116.201538 39.860894 71.611664 0.576800 -0.241707 118.194527
2019-04-26 10:09:22.951600477 116.201521 39.860887 71.592813 0.543840 -0.159307 117.996765
2019-04-26 10:09:23.051285428 116.201504 39.860880 71.576388 0.571307 -0.142827 117.799004
2019-04-26 10:09:23.153001543 116.201486 39.860873 71.560490 0.609760 -0.175787 117.612228
2019-04-26 10:09:23.251993907 116.201469 39.860866 71.540906 0.609760 -0.192267 117.419968
2019-04-26 10:09:23.351529447 116.201451 39.860859 71.521040 0.626240 -0.153813 117.227699
2019-04-26 10:09:23.452806359 116.201433 39.860852 71.501968 0.637226 -0.109867 117.024445
2019-04-26 10:09:23.552331337 116.201416 39.860846 71.486390 0.637226 -0.247200 116.843163
2019-04-26 10:09:23.651142648 116.201398 39.860839 71.467790 0.571307 -0.335093 116.650902
2019-04-26 10:09:23.752905535 116.201380 39.860832 71.444858 0.538347 -0.214240 116.447647
2019-04-26 10:09:23.850987450 116.201362 39.860825 71.425107 0.488907 -0.148320 116.260872
2019-04-26 10:09:23.952632802 116.201345 39.860819 71.409544 0.439467 -0.115360 116.074097
2019-04-26 10:09:24.052693857 116.201327 39.860812 71.395056 0.483413 -0.087893 115.892822
2019-04-26 10:09:24.152171184 116.201309 39.860805 71.381240 0.560320 -0.126347 115.733513
2019-04-26 10:09:24.251190355 116.201291 39.860799 71.365532 0.582293 -0.164800 115.590683
2019-04-26 10:09:24.351488611 116.201273 39.860792 71.349107 0.527360 -0.181280 115.425888
2019-04-26 10:09:24.452921551 116.201255 39.860786 71.332987 0.554826 -0.252693 115.222633
2019-04-26 10:09:24.551477606 116.201237 39.860780 71.315532 0.499893 -0.340587 115.019379
2019-04-26 10:09:24.651655742 116.201218 39.860773 71.295567 0.466933 -0.395520 114.838097
2019-04-26 10:09:24.752122067 116.201200 39.860767 71.274191 0.461440 -0.362560 114.667809
2019-04-26 10:09:24.852783434 116.201182 39.860761 71.253326 0.466933 -0.340587 114.503006
2019-04-26 10:09:24.952516494 116.201164 39.860754 71.233506 0.510880 -0.324107 114.338203
2019-04-26 10:09:25.052876521 116.201146 39.860748 71.214380 0.560320 -0.269173 114.184395
2019-04-26 10:09:25.152420610 116.201128 39.860742 71.196529 0.571307 -0.302133 114.030579
2019-04-26 10:09:25.252022693 116.201110 39.860736 71.177517 0.576800 -0.428480 113.876770
2019-04-26 10:09:25.351231317 116.201091 39.860730 71.154142 0.582293 -0.401013 113.700981
2019-04-26 10:09:25.451603134 116.201073 39.860724 71.131355 0.510880 -0.401013 113.530685
2019-04-26 10:09:25.552415618 116.201055 39.860718 71.110223 0.549333 -0.472427 113.349403
2019-04-26 10:09:25.651941739 116.201037 39.860712 71.087801 0.499893 -0.472427 113.146156
2019-04-26 10:09:25.751813894 116.201018 39.860706 71.064273 0.521867 -0.368053 112.942902
2019-04-26 10:09:25.851928903 116.201000 39.860700 71.045308 0.549333 -0.406507 112.745140
2019-04-26 10:09:25.951229517 116.200982 39.860694 71.028257 0.554826 -0.510880 112.547379
2019-04-26 10:09:26.052779580 116.200964 39.860689 71.008681 0.543840 -0.505387 112.344124
2019-04-26 10:09:26.152748840 116.200946 39.860683 70.986436 0.576800 -0.406507 112.135384
2019-04-26 10:09:26.252251975 116.200928 39.860677 70.964838 0.620746 -0.346080 111.937622
2019-04-26 10:09:26.352389697 116.200910 39.860672 70.947291 0.719626 -0.340587 111.745354
2019-04-26 10:09:26.452179228 116.200892 39.860667 70.929730 0.780053 -0.307627 111.536606
2019-04-26 10:09:26.552050241 116.200874 39.860661 70.914434 0.758080 -0.346080 111.333351
2019-04-26 10:09:26.751830384 116.200838 39.860651 70.882995 0.829493 -0.708640 110.915863
2019-04-26 10:09:26.852221659 116.200821 39.860646 70.861214 0.807520 -0.714133 110.712608
2019-04-26 10:09:26.951936194 116.200803 39.860641 70.836107 0.763573 -0.626240 110.481888
2019-04-26 10:09:27.052166234 116.200785 39.860636 70.813694 0.692160 -0.543840 110.284126
2019-04-26 10:09:27.152507684 116.200768 39.860631 70.793065 0.565813 -0.543840 110.097351
2019-04-26 10:09:27.251203090 116.200751 39.860626 70.771590 0.565813 -0.626240 109.899597
2019-04-26 10:09:27.351344062 116.200733 39.860621 70.748016 0.626240 -0.648213 109.712822
2019-04-26 10:09:27.451668444 116.200716 39.860617 70.719476 0.714133 -0.472427 109.553513
2019-04-26 10:09:27.551979074 116.200698 39.860612 70.694911 0.725120 -0.351573 109.410690
2019-04-26 10:09:27.652689398 116.200681 39.860607 70.676030 0.708640 -0.368053 109.267860
2019-04-26 10:09:27.752755628 116.200663 39.860603 70.658430 0.681173 -0.362560 109.119537
2019-04-26 10:09:27.852176721 116.200646 39.860598 70.640898 0.670186 -0.390027 108.976715
2019-04-26 10:09:27.951691431 116.200628 39.860594 70.622917 0.653706 -0.390027 108.833885
2019-04-26 10:09:28.051536884 116.200611 39.860589 70.605485 0.653706 -0.422987 108.691063
2019-04-26 10:09:28.152311325 116.200593 39.860585 70.587305 0.703146 -0.521867 108.553726
2019-04-26 10:09:28.252844708 116.200576 39.860580 70.563335 0.791040 -0.549333 108.416397
2019-04-26 10:09:28.352989374 116.200558 39.860576 70.537214 0.845973 -0.417493 108.279060
2019-04-26 10:09:28.451178230 116.200540 39.860571 70.513617 0.851466 -0.285653 108.158211
2019-04-26 10:09:28.551002200 116.200523 39.860567 70.495522 0.939360 -0.280160 108.037354
2019-04-26 10:09:28.651552420 116.200505 39.860563 70.479119 1.005280 -0.307627 107.921997
2019-04-26 10:09:28.752155021 116.200488 39.860559 70.463129 1.131626 -0.439467 107.806633
2019-04-26 10:09:28.852515217 116.200470 39.860554 70.445056 1.225013 -0.593280 107.696770
2019-04-26 10:09:28.951259873 116.200452 39.860550 70.422055 1.181066 -0.642720 107.581406
2019-04-26 10:09:29.052093478 116.200434 39.860546 70.397032 1.131626 -0.615253 107.455063
2019-04-26 10:09:29.151239669 116.200417 39.860542 70.371140 0.961333 -0.637226 107.328712
2019-04-26 10:09:29.251859428 116.200399 39.860538 70.342714 0.911893 -0.637226 107.202370
2019-04-26 10:09:29.351761703 116.200381 39.860533 70.314159 0.862453 -0.609760 107.076019
2019-04-26 10:09:29.452405336 116.200364 39.860529 70.286703 0.900906 -0.587786 106.955170
2019-04-26 10:09:29.551191750 116.200346 39.860525 70.260436 0.878933 -0.565813 106.817833
2019-04-26 10:09:29.652481465 116.200328 39.860521 70.235322 0.840480 -0.527360 106.691490
2019-04-26 10:09:29.751923050 116.200310 39.860517 70.211329 0.807520 -0.477920 106.559647
2019-04-26 10:09:29.852108576 116.200293 39.860513 70.189792 0.774560 -0.516373 106.438797
2019-04-26 10:09:29.951741656 116.200275 39.860509 70.167905 0.807520 -0.494400 106.306953
2019-04-26 10:09:30.051215208 116.200257 39.860505 70.145743 0.780053 -0.406507 106.164131
2019-04-26 10:09:30.152213586 116.200239 39.860502 70.124107 0.747093 -0.362560 106.037781
2019-04-26 10:09:30.251714624 116.200222 39.860498 70.102121 0.714133 -0.417493 105.905945
2019-04-26 10:09:30.351442095 116.200204 39.860494 70.080805 0.653706 -0.483413 105.768608
2019-04-26 10:09:30.452603077 116.200186 39.860490 70.057919 0.653706 -0.554826 105.631279
2019-04-26 10:09:30.551077258 116.200168 39.860486 70.034696 0.692160 -0.670186 105.493942
2019-04-26 10:09:30.651561162 116.200150 39.860483 70.006988 0.725120 -0.681173 105.351112
2019-04-26 10:09:30.851739319 116.200114 39.860475 69.950335 0.736106 -0.532853 105.070953
2019-04-26 10:09:30.951255632 116.200096 39.860472 69.925885 0.741600 -0.483413 104.922638
2019-04-26 10:09:31.052783660 116.200078 39.860468 69.904653 0.703146 -0.593280 104.779808
2019-04-26 10:09:31.151612220 116.200061 39.860465 69.880935 0.719626 -0.686666 104.642479
2019-04-26 10:09:31.252087534 116.200043 39.860461 69.852685 0.714133 -0.703146 104.499649
2019-04-26 10:09:31.351363285 116.200025 39.860458 69.825084 0.752586 -0.714133 104.367805
2019-04-26 10:09:31.451159506 116.200008 39.860454 69.798505 0.796533 -0.708640 104.230476
2019-04-26 10:09:31.552607263 116.199990 39.860451 69.773489 0.796533 -0.697653 104.098633
2019-04-26 10:09:31.651826173 116.199973 39.860448 69.749733 0.752586 -0.675680 103.977783
2019-04-26 10:09:31.751230468 116.199956 39.860445 69.727945 0.780053 -0.714133 103.851433
2019-04-26 10:09:31.851975523 116.199939 39.860442 69.706294 0.829493 -0.807520 103.714104
2019-04-26 10:09:31.951415553 116.199922 39.860439 69.681675 0.824000 -0.736106 103.582260
2019-04-26 10:09:32.052201075 116.199905 39.860436 69.657591 0.818506 -0.708640 103.450424
2019-04-26 10:09:32.152238959 116.199888 39.860432 69.634025 0.752586 -0.725120 103.318581
2019-04-26 10:09:32.252026783 116.199871 39.860429 69.607118 0.780053 -0.714133 103.186745
2019-04-26 10:09:32.351695928 116.199854 39.860427 69.580821 0.730613 -0.752586 103.060394
2019-04-26 10:09:32.451307284 116.199838 39.860424 69.554219 0.725120 -0.796533 102.934052
2019-04-26 10:09:32.551831241 116.199821 39.860421 69.526785 0.730613 -0.829493 102.796715
2019-04-26 10:09:32.651377129 116.199804 39.860418 69.498527 0.763573 -0.818506 102.664879
2019-04-26 10:09:32.752939944 116.199788 39.860415 69.469110 0.856960 -0.708640 102.533035
2019-04-26 10:09:32.851368871 116.199771 39.860412 69.442462 0.873440 -0.681173 102.401199
2019-04-26 10:09:32.951642907 116.199754 39.860410 69.417729 0.878933 -0.642720 102.280342
2019-04-26 10:09:33.051034221 116.199737 39.860407 69.395628 0.829493 -0.620746 102.170479
2019-04-26 10:09:33.152066684 116.199721 39.860404 69.372147 0.867946 -0.741600 102.044128
2019-04-26 10:09:33.252240000 116.199704 39.860402 69.342584 0.867946 -0.659200 101.928772
2019-04-26 10:09:33.352384106 116.199687 39.860399 69.313877 0.889920 -0.642720 101.813408
2019-04-26 10:09:33.451556193 116.199670 39.860397 69.288007 0.911893 -0.697653 101.703545
2019-04-26 10:09:33.552162982 116.199654 39.860394 69.261550 0.900906 -0.681173 101.582687
2019-04-26 10:09:33.651437163 116.199637 39.860391 69.234727 0.884426 -0.648213 101.467331
2019-04-26 10:09:33.751027504 116.199620 39.860389 69.209330 0.873440 -0.675680 101.357460
2019-04-26 10:09:33.851482693 116.199603 39.860386 69.184368 0.862453 -0.631733 101.225624
2019-04-26 10:09:33.952488165 116.199587 39.860384 69.160261 0.856960 -0.631733 101.082794
2019-04-26 10:09:34.152588210 116.199553 39.860379 69.111329 0.867946 -0.631733 100.780663
2019-04-26 10:09:34.251645498 116.199536 39.860377 69.082705 0.884426 -0.565813 100.626854
2019-04-26 10:09:34.351910212 116.199520 39.860374 69.057171 0.862453 -0.637226 100.467545
2019-04-26 10:09:34.452378182 116.199503 39.860372 69.032232 0.867946 -0.719626 100.297249
2019-04-26 10:09:34.551932817 116.199486 39.860370 69.005599 0.895413 -0.747093 100.132454
2019-04-26 10:09:34.652876492 116.199469 39.860368 68.977533 0.939360 -0.741600 99.956665
2019-04-26 10:09:34.752092742 116.199452 39.860366 68.950206 0.994293 -0.763573 99.791862
2019-04-26 10:09:34.851350869 116.199435 39.860363 68.923100 0.983306 -0.747093 99.616074
2019-04-26 10:09:35.051122274 116.199402 39.860359 68.871246 0.906400 -0.653706 99.220558
2019-04-26 10:09:35.152364020 116.199385 39.860357 68.846979 0.856960 -0.686666 99.006317
2019-04-26 10:09:35.251270319 116.199368 39.860355 68.818546 0.884426 -0.642720 98.781090
2019-04-26 10:09:35.351923638 116.199352 39.860353 68.791539 0.895413 -0.664693 98.555862
2019-04-26 10:09:35.551951585 116.199318 39.860350 68.741646 0.895413 -0.813013 98.121887
2019-04-26 10:09:35.652161861 116.199302 39.860348 68.715349 0.933866 -0.829493 97.907654
2019-04-26 10:09:35.752170192 116.199285 39.860346 68.688717 0.900906 -0.824000 97.693413
2019-04-26 10:09:35.852189575 116.199269 39.860345 68.663595 0.889920 -0.884426 97.484665
2019-04-26 10:09:35.952694610 116.199252 39.860343 68.638984 0.939360 -1.010773 97.275917
2019-04-26 10:09:36.052884751 116.199236 39.860342 68.611214 0.933866 -0.950346 97.056183
2019-04-26 10:09:36.152386186 116.199220 39.860340 68.582201 0.911893 -0.834986 96.852928
2019-04-26 10:09:36.251375634 116.199204 39.860339 68.554501 0.911893 -0.747093 96.655174
2019-04-26 10:09:36.352185016 116.199188 39.860338 68.530248 0.983306 -0.719626 96.457413
2019-04-26 10:09:36.451122844 116.199172 39.860336 68.507621 0.988800 -0.763573 96.270638
2019-04-26 10:09:36.551919452 116.199156 39.860335 68.486169 1.005280 -0.840480 96.094849
2019-04-26 10:09:36.651744943 116.199140 39.860334 68.462252 0.944853 -0.813013 95.913574
2019-04-26 10:09:36.752133075 116.199125 39.860333 68.438106 0.878933 -0.807520 95.732292
2019-04-26 10:09:36.852545232 116.199109 39.860331 68.415288 0.845973 -0.763573 95.561996
2019-04-26 10:09:36.951444755 116.199093 39.860330 68.392974 0.845973 -0.714133 95.391708
2019-04-26 10:09:37.052586301 116.199078 39.860329 68.373688 0.840480 -0.763573 95.232399
2019-04-26 10:09:37.151831662 116.199063 39.860328 68.352380 0.824000 -0.780053 95.084076
2019-04-26 10:09:37.252507855 116.199047 39.860327 68.326327 0.829493 -0.785546 94.924774
2019-04-26 10:09:37.352574884 116.199032 39.860326 68.301175 0.834986 -0.824000 94.765465
2019-04-26 10:09:37.451471034 116.199016 39.860326 68.275488 0.802026 -0.862453 94.611649
2019-04-26 10:09:37.552652283 116.199001 39.860325 68.249016 0.769066 -0.818506 94.446854
2019-04-26 10:09:37.651091724 116.198985 39.860324 68.222070 0.670186 -0.697653 94.287544
2019-04-26 10:09:37.752148938 116.198970 39.860323 68.198352 0.642720 -0.708640 94.133736
2019-04-26 10:09:37.851879541 116.198954 39.860322 68.176960 0.598773 -0.774560 93.974426
2019-04-26 10:09:37.952797347 116.198939 39.860322 68.154486 0.576800 -0.780053 93.815117
2019-04-26 10:09:38.051066300 116.198924 39.860321 68.131545 0.571307 -0.780053 93.644829
2019-04-26 10:09:38.152393332 116.198908 39.860320 68.106553 0.604266 -0.763573 93.469040
2019-04-26 10:09:38.252574616 116.198893 39.860319 68.078730 0.626240 -0.725120 93.276772
2019-04-26 10:09:38.351038512 116.198878 39.860319 68.052914 0.675680 -0.747093 93.089996
2019-04-26 10:09:38.451755808 116.198862 39.860318 68.027586 0.681173 -0.774560 92.897736
2019-04-26 10:09:38.552446644 116.198847 39.860318 68.002479 0.719626 -0.763573 92.699974
2019-04-26 10:09:38.651327594 116.198831 39.860317 67.976373 0.642720 -0.686666 92.513199
2019-04-26 10:09:38.752023296 116.198816 39.860317 67.951724 0.642720 -0.598773 92.331917
2019-04-26 10:09:38.852268963 116.198801 39.860316 67.929852 0.708640 -0.565813 92.139656
2019-04-26 10:09:38.952358926 116.198785 39.860316 67.910238 0.769066 -0.642720 91.947388
2019-04-26 10:09:39.052231632 116.198770 39.860316 67.891799 0.796533 -0.758080 91.766106
2019-04-26 10:09:39.151648746 116.198755 39.860315 67.866295 0.752586 -0.747093 91.584824
2019-04-26 10:09:39.252256392 116.198739 39.860315 67.834879 0.703146 -0.758080 91.409042
2019-04-26 10:09:39.352607962 116.198724 39.860315 67.804631 0.708640 -0.791040 91.222267
2019-04-26 10:09:39.451354961 116.198709 39.860315 67.774161 0.686666 -0.818506 91.035492
2019-04-26 10:09:39.552319765 116.198693 39.860315 67.743622 0.708640 -0.796533 90.848717
2019-04-26 10:09:39.651631651 116.198678 39.860315 67.712610 0.758080 -0.758080 90.672935
2019-04-26 10:09:39.752685806 116.198663 39.860315 67.683682 0.813013 -0.708640 90.508133
2019-04-26 10:09:39.851401476 116.198647 39.860315 67.655584 0.840480 -0.670186 90.348824
2019-04-26 10:09:39.951280235 116.198632 39.860315 67.630561 0.824000 -0.681173 90.200508
2019-04-26 10:09:40.052785214 116.198617 39.860315 67.605332 0.840480 -0.714133 90.057678
2019-04-26 10:09:40.152554054 116.198601 39.860315 67.579585 0.824000 -0.813013 89.931335
2019-04-26 10:09:40.252055320 116.198586 39.860315 67.548726 0.829493 -0.824000 89.815971
2019-04-26 10:09:40.351357701 116.198571 39.860315 67.515944 0.867946 -0.769066 89.711601
2019-04-26 10:09:40.451457692 116.198555 39.860315 67.485322 0.807520 -0.758080 89.607224
2019-04-26 10:09:40.550952986 116.198540 39.860315 67.457118 0.834986 -0.818506 89.535812
2019-04-26 10:09:40.652364194 116.198525 39.860315 67.427380 0.791040 -0.785546 89.469894
2019-04-26 10:09:40.751424290 116.198510 39.860315 67.397566 0.774560 -0.802026 89.403976
2019-04-26 10:09:40.852577843 116.198494 39.860316 67.369667 0.785546 -0.851466 89.354530
2019-04-26 10:09:40.951593082 116.198479 39.860316 67.340670 0.834986 -0.834986 89.316078
2019-04-26 10:09:41.052802080 116.198464 39.860316 67.311657 0.834986 -0.774560 89.277626
2019-04-26 10:09:41.152772462 116.198449 39.860316 67.281820 0.791040 -0.736106 89.250160
2019-04-26 10:09:41.251578880 116.198434 39.860316 67.251777 0.774560 -0.697653 89.228188
2019-04-26 10:09:41.350920574 116.198418 39.860317 67.222467 0.670186 -0.576800 89.184242
2019-04-26 10:09:41.451077623 116.198403 39.860317 67.196819 0.637226 -0.637226 89.145790
2019-04-26 10:09:41.550991860 116.198388 39.860317 67.177021 0.455947 -0.966826 89.112823
2019-04-26 10:09:41.651893717 116.198373 39.860317 67.151678 0.433973 -1.186560 89.101837
2019-04-26 10:09:41.751223200 116.198358 39.860318 67.117333 0.499893 -1.071200 89.063385
2019-04-26 10:09:41.852907568 116.198343 39.860318 67.082514 0.620746 -0.911893 89.041412
2019-04-26 10:09:41.952115790 116.198328 39.860318 67.054142 0.763573 -0.917386 89.024933
2019-04-26 10:09:42.052605366 116.198313 39.860319 67.028532 0.813013 -0.966826 89.008453
2019-04-26 10:09:42.151397581 116.198298 39.860319 66.999191 0.873440 -0.944853 89.013947
2019-04-26 10:09:42.252435332 116.198284 39.860319 66.966150 0.895413 -0.873440 89.008453
2019-04-26 10:09:42.351300826 116.198269 39.860319 66.934803 0.906400 -0.818506 89.008453
2019-04-26 10:09:42.451202396 116.198254 39.860320 66.906332 0.917386 -0.796533 89.002960
2019-04-26 10:09:42.551481145 116.198240 39.860320 66.878448 0.944853 -0.752586 88.997467
2019-04-26 10:09:42.651416145 116.198225 39.860320 66.851678 0.944853 -0.692160 89.002960
2019-04-26 10:09:42.751127873 116.198211 39.860320 66.827014 0.917386 -0.686666 89.041412
2019-04-26 10:09:42.852016997 116.198197 39.860321 66.804173 0.889920 -0.741600 89.090851
2019-04-26 10:09:42.951176703 116.198182 39.860321 66.781141 0.796533 -0.802026 89.145790
2019-04-26 10:09:43.052419921 116.198168 39.860321 66.757224 0.736106 -0.785546 89.184242
2019-04-26 10:09:43.152692709 116.198154 39.860321 66.730058 0.692160 -0.752586 89.228188
2019-04-26 10:09:43.251881423 116.198140 39.860322 66.702136 0.664693 -0.774560 89.272133
2019-04-26 10:09:43.352475891 116.198126 39.860322 66.674054 0.620746 -0.730613 89.321571
2019-04-26 10:09:43.451967689 116.198112 39.860322 66.646048 0.631733 -0.675680 89.376511
2019-04-26 10:09:43.551734377 116.198098 39.860322 66.620590 0.681173 -0.725120 89.414963
2019-04-26 10:09:43.652309593 116.198084 39.860322 66.596239 0.692160 -0.818506 89.464401
2019-04-26 10:09:43.851469716 116.198056 39.860323 66.542470 0.719626 -0.895413 89.552292
2019-04-26 10:09:43.952534007 116.198042 39.860323 66.512961 0.725120 -0.802026 89.596237
2019-04-26 10:09:44.051549579 116.198028 39.860323 66.485375 0.719626 -0.763573 89.645683
2019-04-26 10:09:44.152371149 116.198015 39.860323 66.459170 0.670186 -0.780053 89.689629
2019-04-26 10:09:44.252392657 116.198001 39.860323 66.430744 0.642720 -0.780053 89.739067
2019-04-26 10:09:44.302537568 116.197994 39.860323 66.416814 0.604266 -0.813013 89.761040
2019-04-26 10:09:44.451420514 116.197973 39.860323 66.375480 0.582293 -0.851466 89.832451
2019-04-26 10:09:44.551598288 116.197960 39.860324 66.348413 0.554826 -0.845973 89.870903
2019-04-26 10:09:44.651697465 116.197946 39.860324 66.321140 0.593280 -0.780053 89.914856
2019-04-26 10:09:44.702963583 116.197939 39.860324 66.308132 0.620746 -0.747093 89.936829
2019-04-26 10:09:44.851858621 116.197919 39.860324 66.272673 0.598773 -0.730613 90.008240
2019-04-26 10:09:44.952537254 116.197906 39.860324 66.250480 0.664693 -0.769066 90.057678
2019-04-26 10:09:45.052110666 116.197893 39.860324 66.229814 0.593280 -0.928373 90.112610
2019-04-26 10:09:45.151831277 116.197880 39.860324 66.206576 0.538347 -1.016266 90.151070
2019-04-26 10:09:45.251674988 116.197867 39.860324 66.176762 0.593280 -0.961333 90.195015
2019-04-26 10:09:45.300878568 116.197861 39.860324 66.161428 0.571307 -0.895413 90.206001
2019-04-26 10:09:45.451084666 116.197842 39.860324 66.120773 0.516373 -0.796533 90.255440
2019-04-26 10:09:45.502001381 116.197835 39.860324 66.108887 0.532853 -0.807520 90.282906
2019-04-26 10:09:45.651752008 116.197817 39.860324 66.075877 0.571307 -0.840480 90.354317
2019-04-26 10:09:45.701107426 116.197810 39.860324 66.065265 0.560320 -0.851466 90.365303
2019-04-26 10:09:45.852141100 116.197792 39.860324 66.032087 0.587786 -0.873440 90.431229
2019-04-26 10:09:45.952013035 116.197780 39.860324 66.010551 0.631733 -0.895413 90.475174
2019-04-26 10:09:46.052595261 116.197768 39.860324 65.989151 0.626240 -0.939360 90.519119
2019-04-26 10:09:46.101947484 116.197762 39.860324 65.978990 0.664693 -0.972320 90.535599
2019-04-26 10:09:46.252497671 116.197744 39.860324 65.939396 0.747093 -0.994293 90.590530
2019-04-26 10:09:46.302732236 116.197739 39.860324 65.925992 0.752586 -0.972320 90.601517
2019-04-26 10:09:46.451509048 116.197721 39.860324 65.884582 0.703146 -0.796533 90.656456
2019-04-26 10:09:46.501214016 116.197716 39.860324 65.872292 0.741600 -0.769066 90.683922
2019-04-26 10:09:46.652121034 116.197699 39.860324 65.839838 0.598773 -0.741600 90.755333
2019-04-26 10:09:46.702022719 116.197693 39.860324 65.829745 0.554826 -0.741600 90.777306
2019-04-26 10:09:46.851799686 116.197676 39.860324 65.802792 0.587786 -0.873440 90.876190
2019-04-26 10:09:46.901521465 116.197671 39.860324 65.794202 0.604266 -0.906400 90.903656
2019-04-26 10:09:47.052661020 116.197655 39.860323 65.766570 0.615253 -0.939360 90.964081
2019-04-26 10:09:47.102663588 116.197650 39.860323 65.756660 0.626240 -0.933866 90.991547
2019-04-26 10:09:47.252646860 116.197634 39.860323 65.721132 0.681173 -0.889920 91.057465
2019-04-26 10:09:47.351434179 116.197624 39.860323 65.699771 0.692160 -0.845973 91.079437
2019-04-26 10:09:47.451333308 116.197614 39.860323 65.678288 0.730613 -0.824000 91.106903
2019-04-26 10:09:47.501951983 116.197609 39.860323 65.668118 0.791040 -0.856960 91.112396
2019-04-26 10:09:47.651952172 116.197595 39.860323 65.638411 0.653706 -0.769066 91.095917
2019-04-26 10:09:47.702399807 116.197590 39.860323 65.628898 0.642720 -0.714133 91.079437
2019-04-26 10:09:47.852487661 116.197576 39.860323 65.598802 0.587786 -0.516373 90.953094
