1556375884.565871954 -1.964 -8.973 0.000 -1.753 0.000
1556375884.665872097 -2.053 -9.625 0.598 -1.753 0.000
1556375884.765872002 -2.144 -10.200 4.807 -1.752 0.002
1556375884.865871906 -2.270 -11.013 5.987 -1.739 0.047
1556375884.965872049 -2.270 -11.118 5.521 -1.710 0.096
1556375885.065871954 -2.341 -11.815 5.853 -1.663 0.146
1556375885.165872097 -2.340 -11.903 5.496 -1.635 0.157
1556375885.265872002 -2.409 -12.494 5.679 -1.689 0.124
1556375885.365871906 -2.428 -12.581 5.308 -1.692 0.121
1556375885.465872049 -2.508 -13.233 5.669 -1.690 0.120
1556375885.565871954 -2.535 -13.456 4.827 -1.677 0.120
1556375885.665872097 -2.598 -14.008 5.146 -1.674 0.113
1556375885.765872002 -2.627 -14.270 4.340 -1.666 0.109
1556375885.865871906 -2.685 -14.830 4.747 -1.663 0.091
1556375885.965872049 -2.716 -15.134 4.345 -1.658 0.082
1556375886.065871954 -2.828 -15.634 4.528 -1.726 -0.077
1556375886.165872097 -2.897 -15.936 4.259 -1.748 -0.107
1556375886.265872002 -2.968 -16.410 4.367 -1.746 -0.084
1556375886.365871906 -3.016 -16.724 4.179 -1.744 -0.069
1556375886.465872049 -3.081 -17.074 4.091 -1.752 -0.070
1556375886.565871954 -3.157 -17.450 4.059 -1.762 -0.075
1556375886.665872097 -3.229 -17.942 4.185 -1.754 -0.055
1556375886.765872002 -3.284 -18.304 4.119 -1.750 -0.044
1556375886.865871906 -3.376 -18.799 4.237 -1.756 -0.045
1556375886.965872049 -3.446 -19.176 4.189 -1.760 -0.044
1556375887.065871954 -3.523 -19.566 4.165 -1.765 -0.045
1556375887.165872097 -3.605 -19.967 4.158 -1.770 -0.046
1556375887.265872002 -3.681 -20.455 4.249 -1.763 -0.034
1556375887.365871906 -3.742 -20.839 4.208 -1.759 -0.027
1556375887.465872049 -3.831 -21.331 4.299 -1.759 -0.025
1556375887.565871954 -3.903 -21.721 4.263 -1.760 -0.023
1556375887.665872097 -4.001 -22.191 4.325 -1.766 -0.027
1556375887.765872002 -4.080 -22.566 4.269 -1.771 -0.029
1556375887.865871906 -4.152 -23.046 4.336 -1.761 -0.016
1556375887.965872049 -4.209 -23.430 4.285 -1.755 -0.008
1556375888.065871954 -4.293 -23.916 4.359 -1.752 -0.004
1556375888.165872097 -4.361 -24.305 4.314 -1.751 -0.003
1556375888.265872002 -4.455 -24.771 4.365 -1.756 -0.007
1556375888.365871906 -4.532 -25.144 4.301 -1.759 -0.010
1556375888.465872049 -4.601 -25.620 4.360 -1.750 0.000
1556375888.565871954 -4.657 -26.002 4.304 -1.744 0.007
1556375888.665872097 -4.742 -26.460 4.345 -1.746 0.004
1556375888.765872002 -4.830 -26.918 4.383 -1.748 0.001
1556375888.865871906 -4.920 -27.376 4.416 -1.752 -0.003
1556375888.965872049 -4.986 -27.812 4.416 -1.746 0.004
1556375889.065871954 -5.057 -28.249 4.418 -1.742 0.007
1556375889.165872097 -5.153 -28.779 4.530 -1.744 0.005
1556375889.265872002 -5.244 -29.369 4.697 -1.738 0.011
1556375889.365871906 -5.319 -29.850 4.718 -1.734 0.014
1556375889.465872049 -5.419 -30.416 4.838 -1.735 0.010
1556375889.565871954 -5.500 -30.875 4.818 -1.737 0.008
1556375889.665872097 -5.587 -31.305 4.769 -1.743 0.000
1556375889.765872002 -5.687 -31.918 4.936 -1.740 0.003
1556375889.865871906 -5.769 -32.418 4.951 -1.738 0.005
1556375889.965872049 -5.877 -32.975 5.035 -1.744 -0.002
1556375890.065871954 -5.964 -33.423 4.982 -1.748 -0.006
1556375890.165872097 -6.075 -33.933 5.010 -1.757 -0.015
1556375890.265872002 -6.164 -34.341 4.914 -1.763 -0.020
1556375890.365871906 -6.273 -34.839 4.936 -1.770 -0.025
1556375890.465872049 -6.359 -35.236 4.836 -1.775 -0.028
1556375890.565871954 -6.446 -35.635 4.750 -1.778 -0.029
1556375890.665872097 -6.535 -36.012 4.650 -1.785 -0.033
1556375890.765872002 -6.612 -36.489 4.671 -1.776 -0.020
1556375890.865871906 -6.674 -36.870 4.577 -1.770 -0.012
1556375890.965872049 -6.761 -37.324 4.583 -1.769 -0.009
1556375891.065871954 -6.831 -37.684 4.479 -1.769 -0.008
1556375891.165872097 -6.924 -38.122 4.480 -1.772 -0.011
1556375891.265872002 -6.998 -38.469 4.373 -1.774 -0.012
1556375891.365871906 -7.093 -38.919 4.400 -1.776 -0.013
1556375891.465872049 -7.168 -39.279 4.317 -1.778 -0.013
1556375891.565871954 -7.248 -39.625 4.230 -1.782 -0.016
1556375891.665872097 -7.328 -39.985 4.168 -1.785 -0.017
1556375891.765872002 -7.427 -40.449 4.235 -1.786 -0.016
1556375891.865871906 -7.507 -40.822 4.188 -1.786 -0.016
1556375891.965872049 -7.608 -41.275 4.240 -1.789 -0.016
1556375892.065871954 -7.690 -41.637 4.181 -1.791 -0.017
1556375892.165872097 -7.763 -42.083 4.220 -1.780 -0.004
1556375892.265872002 -7.822 -42.440 4.150 -1.772 0.005
1556375892.365871906 -7.905 -42.877 4.186 -1.769 0.007
1556375892.465872049 -7.972 -43.227 4.115 -1.767 0.009
1556375892.565871954 -8.043 -43.590 4.068 -1.765 0.009
1556375892.665872097 -8.116 -43.967 4.042 -1.764 0.010
1556375892.765872002 -8.214 -44.423 4.114 -1.767 0.006
1556375892.865871906 -8.311 -44.882 4.182 -1.769 0.003
1556375892.965872049 -8.382 -45.322 4.214 -1.761 0.011
1556375893.065871954 -8.456 -45.765 4.247 -1.754 0.016
1556375893.165872097 -8.535 -46.210 4.279 -1.751 0.018
1556375893.265872002 -8.638 -46.726 4.393 -1.753 0.014
1556375893.365871906 -8.722 -47.144 4.379 -1.755 0.010
1556375893.465872049 -8.789 -47.475 4.264 -1.757 0.008
1556375893.565871954 -8.880 -47.887 4.260 -1.763 0.001
1556375893.665872097 -8.972 -48.306 4.263 -1.768 -0.004
1556375893.765872002 -9.067 -48.706 4.247 -1.775 -0.011
1556375893.865871906 -9.160 -49.114 4.240 -1.780 -0.015
1556375893.965872049 -9.255 -49.505 4.216 -1.787 -0.021
1556375894.065871954 -9.320 -49.907 4.200 -1.778 -0.009
1556375894.165872097 -9.390 -50.317 4.195 -1.771 -0.001
1556375894.265872002 -9.465 -50.710 4.174 -1.769 0.001
1556375894.365871906 -9.543 -51.111 4.165 -1.768 0.002
1556375894.465872049 -9.605 -51.429 4.059 -1.767 0.003
1556375894.565871954 -9.692 -51.833 4.068 -1.770 -0.001
1556375894.665872097 -9.782 -52.222 4.060 -1.776 -0.006
1556375894.765872002 -9.844 -52.624 4.061 -1.766 0.004
1556375894.865871906 -9.911 -53.034 4.073 -1.759 0.011
1556375894.965872049 -9.986 -53.429 4.067 -1.757 0.011
1556375895.065871954 -10.064 -53.833 4.073 -1.757 0.011
1556375895.165872097 -10.147 -54.222 4.063 -1.761 0.005
1556375895.265872002 -10.232 -54.622 4.067 -1.764 0.001
1556375895.365871906 -10.320 -55.007 4.054 -1.771 -0.005
1556375895.465872049 -10.391 -55.312 3.948 -1.775 -0.009
1556375895.565871954 -10.475 -55.798 4.063 -1.768 -0.001
1556375895.665872097 -10.562 -56.285 4.165 -1.763 0.004
1556375895.765872002 -10.654 -56.747 4.229 -1.764 0.003
1556375895.865871906 -10.746 -57.210 4.287 -1.764 0.002
1556375895.965872049 -10.842 -57.650 4.312 -1.769 -0.002
1556375896.065871954 -10.937 -58.093 4.338 -1.772 -0.006
1556375896.165872097 -11.006 -58.517 4.333 -1.764 0.003
1556375896.265872002 -11.078 -58.944 4.334 -1.758 0.009
1556375896.365871906 -11.136 -59.283 4.232 -1.755 0.012
1556375896.465872049 -11.220 -59.704 4.239 -1.756 0.009
1556375896.565871954 -11.306 -60.129 4.252 -1.759 0.005
1556375896.665872097 -11.396 -60.536 4.243 -1.764 -0.001
1556375896.765872002 -11.487 -60.950 4.242 -1.769 -0.006
1556375896.865871906 -11.577 -61.369 4.249 -1.772 -0.009
1556375896.965872049 -11.671 -61.770 4.234 -1.779 -0.014
1556375897.065871954 -11.735 -62.182 4.226 -1.769 -0.003
1556375897.165872097 -11.806 -62.575 4.201 -1.766 0.001
1556375897.265872002 -11.881 -62.977 4.189 -1.763 0.003
1556375897.365871906 -11.940 -63.295 4.080 -1.762 0.004
1556375897.465872049 -12.025 -63.699 4.086 -1.765 0.001
1556375897.565871954 -12.112 -64.111 4.101 -1.768 -0.002
1556375897.665872097 -12.200 -64.530 4.123 -1.770 -0.004
1556375897.765872002 -12.291 -64.933 4.124 -1.775 -0.009
1556375897.865871906 -12.382 -65.344 4.135 -1.779 -0.012
1556375897.965872049 -12.473 -65.762 4.152 -1.781 -0.013
1556375898.065871954 -12.566 -66.164 4.150 -1.786 -0.017
1556375898.165872097 -12.659 -66.574 4.156 -1.789 -0.018
1556375898.265872002 -12.750 -66.991 4.171 -1.790 -0.017
1556375898.365871906 -12.833 -67.485 4.268 -1.779 -0.004
1556375898.465872049 -12.917 -67.977 4.351 -1.770 0.006
1556375898.565871954 -13.006 -68.442 4.396 -1.767 0.008
1556375898.665872097 -13.096 -68.906 4.434 -1.765 0.009
1556375898.765872002 -13.186 -69.368 4.467 -1.764 0.010
1556375898.865871906 -13.277 -69.829 4.495 -1.763 0.009
1556375898.965872049 -13.371 -70.265 4.492 -1.766 0.005
1556375899.065871954 -13.464 -70.702 4.490 -1.769 0.001
1556375899.165872097 -13.557 -71.141 4.490 -1.771 -0.001
1556375899.265872002 -13.630 -71.488 4.383 -1.772 -0.002
1556375899.365871906 -13.745 -72.007 4.490 -1.777 -0.006
1556375899.465872049 -13.856 -72.518 4.577 -1.779 -0.008
1556375899.565871954 -13.964 -73.022 4.644 -1.781 -0.009
1556375899.665872097 -14.071 -73.496 4.669 -1.785 -0.012
1556375899.765872002 -14.175 -73.965 4.685 -1.787 -0.013
1556375899.865871906 -14.276 -74.430 4.695 -1.787 -0.012
1556375899.965872049 -14.373 -74.891 4.698 -1.787 -0.010
1556375900.065871954 -14.469 -75.350 4.697 -1.785 -0.008
1556375900.165872097 -14.545 -75.713 4.585 -1.784 -0.006
1556375900.265872002 -14.641 -76.153 4.575 -1.785 -0.006
1556375900.365871906 -14.735 -76.592 4.567 -1.785 -0.006
1556375900.465872049 -14.828 -77.032 4.560 -1.784 -0.004
1556375900.565871954 -14.918 -77.472 4.553 -1.782 -0.002
1556375900.665872097 -15.011 -77.889 4.521 -1.784 -0.003
1556375900.765872002 -15.102 -78.309 4.496 -1.784 -0.003
1556375900.865871906 -15.191 -78.732 4.477 -1.783 -0.002
1556375900.965872049 -15.250 -79.161 4.459 -1.768 0.014
1556375901.065871954 -15.315 -79.591 4.446 -1.757 0.025
1556375901.165872097 -15.365 -79.931 4.331 -1.749 0.030
1556375901.265872002 -15.443 -80.352 4.326 -1.748 0.029
1556375901.365871906 -15.524 -80.777 4.326 -1.747 0.026
1556375901.465872049 -15.607 -81.205 4.331 -1.748 0.023
1556375901.565871954 -15.692 -81.637 4.340 -1.750 0.019
1556375901.665872097 -15.782 -82.048 4.326 -1.755 0.011
1556375901.765872002 -15.872 -82.465 4.319 -1.760 0.005
1556375901.865871906 -15.962 -82.886 4.319 -1.764 -0.000
1556375901.965872049 -16.054 -83.312 4.323 -1.768 -0.004
1556375902.065871954 -16.145 -83.741 4.332 -1.771 -0.007
1556375902.165872097 -16.217 -84.083 4.236 -1.773 -0.008
1556375902.265872002 -16.313 -84.506 4.248 -1.778 -0.012
1556375902.365871906 -16.408 -84.934 4.265 -1.781 -0.015
1556375902.465872049 -16.502 -85.367 4.284 -1.783 -0.015
1556375902.565871954 -16.567 -85.805 4.301 -1.771 -0.000
1556375902.665872097 -16.636 -86.246 4.320 -1.761 0.009
1556375902.765872002 -16.712 -86.666 4.315 -1.758 0.012
1556375902.865871906 -16.791 -87.090 4.315 -1.756 0.012
1556375902.965872049 -16.873 -87.518 4.321 -1.756 0.011
1556375903.065871954 -16.957 -87.949 4.330 -1.756 0.010
1556375903.165872097 -17.023 -88.292 4.235 -1.757 0.009
1556375903.265872002 -17.115 -88.716 4.247 -1.762 0.002
1556375903.365871906 -17.208 -89.145 4.264 -1.766 -0.002
1556375903.465872049 -17.300 -89.578 4.284 -1.770 -0.006
1556375903.565871954 -17.393 -90.015 4.305 -1.772 -0.008
1556375903.665872097 -17.488 -90.431 4.302 -1.778 -0.013
1556375903.765872002 -17.553 -90.855 4.300 -1.768 -0.001
1556375903.865871906 -17.623 -91.282 4.305 -1.761 0.006
1556375903.965872049 -17.698 -91.714 4.314 -1.756 0.011
1556375904.065871954 -17.775 -92.148 4.326 -1.753 0.012
1556375904.165872097 -17.837 -92.494 4.233 -1.752 0.013
1556375904.265872002 -17.926 -92.920 4.247 -1.755 0.008
1556375904.365871906 -18.015 -93.351 4.266 -1.759 0.003
1556375904.465872049 -18.106 -93.785 4.287 -1.763 -0.001
1556375904.565871954 -18.198 -94.223 4.309 -1.766 -0.004
1556375904.665872097 -18.292 -94.640 4.306 -1.772 -0.010
1556375904.765872002 -18.386 -95.063 4.309 -1.776 -0.014
1556375904.865871906 -18.479 -95.489 4.316 -1.780 -0.016
1556375904.965872049 -18.572 -95.920 4.327 -1.782 -0.016
1556375905.065871954 -18.664 -96.354 4.341 -1.783 -0.016
1556375905.165872097 -18.737 -96.700 4.249 -1.784 -0.015
1556375905.265872002 -18.804 -97.129 4.260 -1.773 -0.002
1556375905.365871906 -18.875 -97.562 4.275 -1.765 0.006
1556375905.465872049 -18.950 -97.998 4.293 -1.759 0.012
1556375905.565871954 -19.028 -98.437 4.313 -1.755 0.014
1556375905.665872097 -19.112 -98.855 4.308 -1.757 0.011
1556375905.765872002 -19.198 -99.278 4.309 -1.759 0.008
1556375905.865871906 -19.285 -99.705 4.315 -1.761 0.005
1556375905.965872049 -19.373 -100.135 4.326 -1.763 0.003
1556375906.065871954 -19.462 -100.569 4.338 -1.765 0.000
1556375906.165872097 -19.533 -100.915 4.246 -1.766 -0.001
1556375906.265872002 -19.628 -101.341 4.260 -1.771 -0.006
1556375906.365871906 -19.722 -101.772 4.278 -1.775 -0.010
1556375906.465872049 -19.816 -102.206 4.298 -1.778 -0.012
1556375906.565871954 -19.912 -102.621 4.294 -1.783 -0.016
1556375906.665872097 -20.006 -103.041 4.296 -1.786 -0.018
1556375906.765872002 -20.099 -103.466 4.303 -1.788 -0.017
1556375906.865871906 -20.191 -103.895 4.314 -1.788 -0.016
1556375906.965872049 -20.282 -104.329 4.328 -1.787 -0.013
1556375907.065871954 -20.375 -104.742 4.318 -1.790 -0.014
1556375907.165872097 -20.449 -105.069 4.208 -1.791 -0.015
1556375907.265872002 -20.541 -105.503 4.235 -1.790 -0.012
1556375907.365871906 -20.632 -105.941 4.264 -1.788 -0.009
1556375907.465872049 -20.723 -106.383 4.293 -1.785 -0.005
1556375907.565871954 -20.815 -106.804 4.296 -1.786 -0.005
1556375907.665872097 -20.906 -107.230 4.303 -1.786 -0.004
1556375907.765872002 -20.997 -107.660 4.315 -1.784 -0.002
1556375907.865871906 -21.086 -108.094 4.329 -1.782 0.000
1556375907.965872049 -21.175 -108.532 4.345 -1.780 0.003
1556375908.065871954 -21.266 -108.948 4.336 -1.781 0.001
1556375908.165872097 -21.338 -109.278 4.227 -1.782 0.000
1556375908.265872002 -21.430 -109.714 4.254 -1.781 0.001
1556375908.365871906 -21.520 -110.154 4.282 -1.779 0.003
1556375908.465872049 -21.613 -110.573 4.285 -1.781 0.001
1556375908.565871954 -21.705 -110.998 4.292 -1.781 0.000
1556375908.665872097 -21.795 -111.427 4.304 -1.781 0.001
1556375908.765872002 -21.885 -111.860 4.319 -1.780 0.002
1556375908.865871906 -21.975 -112.297 4.335 -1.778 0.003
1556375908.965872049 -22.067 -112.713 4.327 -1.780 0.001
1556375909.065871954 -22.158 -113.134 4.326 -1.780 0.000
1556375909.165872097 -22.230 -113.468 4.222 -1.781 -0.000
1556375909.265872002 -22.321 -113.908 4.254 -1.780 0.001
1556375909.365871906 -22.414 -114.328 4.260 -1.782 -0.001
1556375909.465872049 -22.506 -114.753 4.272 -1.782 -0.002
1556375909.565871954 -22.598 -115.183 4.287 -1.782 -0.001
1556375909.665872097 -22.688 -115.617 4.304 -1.781 0.000
1556375909.765872002 -22.778 -116.054 4.324 -1.779 0.002
1556375909.865871906 -22.870 -116.471 4.318 -1.781 -0.000
1556375909.965872049 -22.961 -116.893 4.319 -1.781 -0.001
1556375910.065871954 -23.051 -117.319 4.324 -1.781 -0.000
1556375910.165872097 -23.123 -117.658 4.226 -1.781 0.000
1556375910.265872002 -23.245 -118.077 4.241 -1.796 -0.016
1556375910.365871906 -23.360 -118.502 4.259 -1.806 -0.024
1556375910.465872049 -23.469 -118.932 4.281 -1.811 -0.027
1556375910.565871954 -23.573 -119.367 4.303 -1.813 -0.026
1556375910.665872097 -23.673 -119.805 4.327 -1.811 -0.021
1556375910.765872002 -23.772 -120.223 4.324 -1.812 -0.020
1556375910.865871906 -23.868 -120.647 4.327 -1.809 -0.015
1556375910.965872049 -23.931 -121.078 4.329 -1.791 0.005
1556375911.065871954 -23.998 -121.513 4.336 -1.776 0.020
1556375911.165872097 -24.087 -122.018 4.428 -1.766 0.028
1556375911.265872002 -24.178 -122.517 4.503 -1.759 0.032
1556375911.365871906 -24.269 -123.011 4.563 -1.754 0.034
1556375911.465872049 -24.363 -123.475 4.584 -1.755 0.029
1556375911.565871954 -24.457 -123.937 4.600 -1.756 0.025
1556375911.665872097 -24.550 -124.396 4.610 -1.757 0.021
1556375911.765872002 -24.644 -124.852 4.617 -1.759 0.018
1556375911.865871906 -24.739 -125.283 4.594 -1.763 0.011
1556375911.965872049 -24.833 -125.715 4.574 -1.767 0.006
1556375912.065871954 -24.907 -126.056 4.450 -1.769 0.003
1556375912.165872097 -25.002 -126.499 4.461 -1.771 0.001
1556375912.265872002 -25.098 -126.920 4.445 -1.776 -0.004
1556375912.365871906 -25.192 -127.345 4.434 -1.779 -0.007
1556375912.465872049 -25.314 -127.770 4.432 -1.795 -0.023
1556375912.565871954 -25.432 -128.175 4.407 -1.808 -0.035
1556375912.665872097 -25.543 -128.585 4.390 -1.817 -0.040
1556375912.765872002 -25.648 -129.002 4.380 -1.820 -0.040
1556375912.865871906 -25.751 -129.400 4.349 -1.824 -0.040
1556375912.965872049 -25.849 -129.805 4.329 -1.824 -0.036
1556375913.065871954 -25.926 -130.125 4.211 -1.825 -0.033
1556375913.165872097 -26.021 -130.530 4.206 -1.823 -0.027
1556375913.265872002 -26.112 -130.944 4.210 -1.818 -0.020
1556375913.365871906 -26.216 -131.456 4.327 -1.808 -0.007
1556375913.465872049 -26.320 -131.940 4.399 -1.802 -0.000
1556375913.565871954 -26.404 -132.330 4.353 -1.799 0.003
1556375913.665872097 -26.470 -132.636 4.212 -1.796 0.005
1556375913.765872002 -26.520 -132.868 4.001 -1.795 0.007
1556375913.865871906 -26.625 -133.379 4.142 -1.789 0.012
1556375913.965872049 -26.748 -133.955 4.345 -1.785 0.015
1556375914.065871954 -26.866 -134.521 4.510 -1.781 0.017
1556375914.265872002 -27.080 -135.509 4.639 -1.779 0.015
1556375914.365871906 -27.192 -136.037 4.730 -1.778 0.015
1556375914.465872049 -27.302 -136.525 4.763 -1.780 0.011
1556375914.565871954 -27.407 -137.005 4.781 -1.780 0.009
1556375914.665872097 -27.508 -137.478 4.789 -1.780 0.009
1556375914.765872002 -27.609 -137.920 4.759 -1.782 0.005
1556375914.865871906 -27.687 -138.263 4.615 -1.783 0.003
1556375914.965872049 -27.783 -138.714 4.616 -1.783 0.004
1556375915.065871954 -27.910 -139.137 4.592 -1.799 -0.014
1556375915.165872097 -28.027 -139.562 4.571 -1.809 -0.023
1556375915.265872002 -28.137 -139.990 4.554 -1.814 -0.026
1556375915.365871906 -28.244 -140.396 4.514 -1.819 -0.029
1556375915.465872049 -28.345 -140.808 4.482 -1.819 -0.027
1556375915.565871954 -28.443 -141.200 4.433 -1.821 -0.026
1556375915.665872097 -28.566 -141.597 4.401 -1.833 -0.036
1556375915.765872002 -28.679 -142.001 4.378 -1.838 -0.037
1556375915.865871906 -28.768 -142.320 4.256 -1.841 -0.037
1556375915.965872049 -28.871 -142.725 4.248 -1.840 -0.032
1556375916.065871954 -28.952 -143.045 4.140 -1.840 -0.028
1556375916.165872097 -29.076 -143.450 4.151 -1.848 -0.034
1556375916.265872002 -29.190 -143.864 4.168 -1.849 -0.032
1556375916.365871906 -29.299 -144.262 4.165 -1.850 -0.029
1556375916.465872049 -29.401 -144.670 4.170 -1.845 -0.021
1556375916.565871954 -29.499 -145.064 4.157 -1.841 -0.015
1556375916.665872097 -29.620 -145.464 4.161 -1.847 -0.020
1556375916.765872002 -29.730 -145.875 4.172 -1.846 -0.017
1556375916.865871906 -29.818 -146.201 4.082 -1.846 -0.014
1556375916.965872049 -29.919 -146.615 4.103 -1.839 -0.006
1556375917.065871954 -30.017 -147.014 4.104 -1.834 -0.001
1556375917.165872097 -30.137 -147.420 4.119 -1.839 -0.006
1556375917.265872002 -30.248 -147.835 4.141 -1.838 -0.004
1556375917.365871906 -30.354 -148.235 4.142 -1.837 -0.002
1556375917.465872049 -30.453 -148.646 4.151 -1.831 0.004
1556375917.565871954 -30.547 -149.064 4.168 -1.822 0.013
1556375917.665872097 -30.639 -149.467 4.164 -1.816 0.018
1556375917.765872002 -30.756 -149.875 4.174 -1.821 0.011
1556375917.865871906 -30.864 -150.292 4.190 -1.821 0.010
1556375917.965872049 -30.969 -150.693 4.186 -1.821 0.008
1556375918.065871954 -31.067 -151.103 4.190 -1.817 0.011
1556375918.165872097 -31.164 -151.497 4.175 -1.815 0.012
1556375918.265872002 -31.256 -151.901 4.172 -1.810 0.017
1556375918.365871906 -31.372 -152.310 4.183 -1.816 0.008
1556375918.465872049 -31.484 -152.705 4.174 -1.822 0.002
1556375918.565871954 -31.589 -153.109 4.175 -1.822 0.002
1556375918.665872097 -31.687 -153.522 4.184 -1.818 0.005
1556375918.765872002 -31.784 -153.920 4.174 -1.816 0.007
1556375918.865871906 -31.860 -154.234 4.067 -1.814 0.008
1556375918.965872049 -31.950 -154.660 4.100 -1.806 0.016
1556375919.065871954 -32.041 -155.068 4.111 -1.801 0.019
1556375919.165872097 -32.157 -155.483 4.134 -1.809 0.009
1556375919.265872002 -32.286 -155.974 4.243 -1.812 0.005
1556375919.365871906 -32.406 -156.464 4.336 -1.812 0.005
1556375919.465872049 -32.519 -156.952 4.415 -1.808 0.008
1556375919.565871954 -32.629 -157.414 4.454 -1.807 0.009
1556375919.665872097 -32.733 -157.876 4.487 -1.803 0.012
1556375919.765872002 -32.816 -158.245 4.407 -1.800 0.014
1556375919.865871906 -32.916 -158.692 4.428 -1.797 0.015
1556375919.965872049 -33.012 -159.140 4.447 -1.792 0.018
1556375920.065871954 -33.108 -159.566 4.438 -1.791 0.018
1556375920.165872097 -33.230 -159.992 4.437 -1.801 0.005
1556375920.265872002 -33.344 -160.422 4.439 -1.807 -0.001
1556375920.365871906 -33.454 -160.831 4.417 -1.812 -0.006
1556375920.465872049 -33.557 -161.247 4.401 -1.813 -0.007
1556375920.565871954 -33.654 -161.667 4.393 -1.811 -0.004
1556375920.665872097 -33.751 -162.068 4.363 -1.810 -0.003
1556375920.765872002 -33.827 -162.385 4.236 -1.810 -0.002
1556375920.865871906 -33.917 -162.810 4.249 -1.804 0.004
1556375920.965872049 -34.009 -163.217 4.241 -1.801 0.007
1556375921.065871954 -34.097 -163.631 4.241 -1.796 0.011
1556375921.165872097 -34.184 -164.051 4.247 -1.791 0.015
1556375921.265872002 -34.272 -164.454 4.234 -1.789 0.016
1556375921.365871906 -34.388 -164.862 4.234 -1.799 0.004
1556375921.465872049 -34.496 -165.277 4.242 -1.805 -0.002
1556375921.565871954 -34.602 -165.675 4.228 -1.810 -0.008
1556375921.665872097 -34.703 -166.082 4.225 -1.811 -0.008
