1556375884.565871954 -1.964 -8.973 0.000 -1.753 10.65625
1556375884.665872097 -2.055 -9.638 0.000 -1.753 11.06875
1556375884.765872002 -2.147 -10.303 0.000 -1.753 11.34375
1556375884.865871906 -2.239 -11.079 0.000 -1.753 11.61875
1556375884.965872049 -2.239 -11.079 0.000 -1.753 11.61875
1556375885.065871954 -2.332 -11.856 0.000 -1.753 11.75625
1556375885.165872097 -2.332 -11.856 0.000 -1.753 11.75625
1556375885.265872002 -2.424 -12.521 0.000 -1.753 12.03125
1556375885.365871906 -2.424 -12.521 0.000 -1.753 12.03125
1556375885.465872049 -2.516 -13.297 0.000 -1.753 12.10000
1556375885.565871954 -2.516 -13.297 0.000 -1.753 12.23750
1556375885.665872097 -2.609 -14.073 0.000 -1.753 12.44375
1556375885.765872002 -2.609 -14.073 0.000 -1.753 12.58125
1556375885.865871906 -2.702 -14.960 0.000 -1.753 12.65000
1556375885.965872049 -2.702 -14.960 0.000 -1.753 12.71875
1556375886.065871954 -2.881 -15.736 0.000 -1.753 13.06250
1556375886.165872097 -2.881 -15.736 0.000 -1.753 13.06250
1556375886.265872002 -2.973 -16.512 0.000 -1.753 13.20000
1556375886.365871906 -2.973 -16.512 0.000 -1.753 13.20000
1556375886.465872049 -3.063 -16.955 0.000 -1.753 13.61250
1556375886.565871954 -3.152 -17.398 0.000 -1.753 13.61250
1556375886.665872097 -3.245 -18.174 0.000 -1.753 13.75000
1556375886.765872002 -3.245 -18.174 0.000 -1.753 13.95625
1556375886.865871906 -3.424 -19.061 0.000 -1.753 14.09375
1556375886.965872049 -3.424 -19.061 0.000 -1.753 14.09375
1556375887.065871954 -3.514 -19.504 0.000 -1.753 14.23125
1556375887.165872097 -3.603 -19.947 0.000 -1.753 14.50625
1556375887.265872002 -3.696 -20.723 0.000 -1.753 14.57500
1556375887.365871906 -3.696 -20.723 0.000 -1.753 14.64375
1556375887.465872049 -3.875 -21.609 0.000 -1.753 14.64375
1556375887.565871954 -3.875 -21.609 0.000 -1.753 14.91875
1556375887.665872097 -4.053 -22.385 0.000 -1.753 14.98750
1556375887.765872002 -4.053 -22.385 0.000 -1.753 15.05625
1556375887.865871906 -4.147 -23.272 0.000 -1.753 15.05625
1556375887.965872049 -4.147 -23.272 0.000 -1.753 15.12500
1556375888.065871954 -4.326 -24.158 0.000 -1.753 15.12500
1556375888.165872097 -4.326 -24.158 0.000 -1.753 15.12500
1556375888.265872002 -4.504 -24.934 0.000 -1.753 15.19375
1556375888.365871906 -4.504 -24.934 0.000 -1.753 15.12500
1556375888.465872049 -4.598 -25.821 0.000 -1.753 15.12500
1556375888.565871954 -4.598 -25.821 0.000 -1.753 15.12500
1556375888.665872097 -4.776 -26.596 0.000 -1.753 15.12500
1556375888.765872002 -4.865 -27.039 0.000 -1.753 15.12500
1556375888.865871906 -4.955 -27.483 0.000 -1.753 15.12500
1556375888.965872049 -4.958 -27.816 0.000 -1.753 15.12500
1556375889.065871954 -5.048 -28.259 0.000 -1.753 15.12500
1556375889.165872097 -5.227 -29.145 0.000 -1.753 15.05625
1556375889.265872002 -5.319 -29.921 0.000 -1.753 15.05625
1556375889.365871906 -5.319 -29.921 0.000 -1.753 15.05625
1556375889.465872049 -5.499 -30.808 0.000 -1.753 15.05625
1556375889.565871954 -5.499 -30.808 0.000 -1.753 15.05625
1556375889.665872097 -5.587 -31.140 0.000 -1.753 14.91875
1556375889.765872002 -5.770 -32.470 0.000 -1.753 14.91875
1556375889.865871906 -5.770 -32.470 0.000 -1.753 14.91875
1556375889.965872049 -5.948 -33.245 0.000 -1.753 14.98750
1556375890.065871954 -5.948 -33.245 0.000 -1.753 14.91875
1556375890.165872097 -6.127 -34.021 0.000 -1.753 14.91875
1556375890.265872002 -6.127 -34.021 0.000 -1.753 14.91875
1556375890.365871906 -6.306 -34.907 0.000 -1.753 14.91875
1556375890.465872049 -6.306 -34.907 0.000 -1.753 14.91875
1556375890.565871954 -6.395 -35.350 0.000 -1.753 14.91875
1556375890.665872097 -6.484 -35.683 0.000 -1.753 14.85000
1556375890.765872002 -6.578 -36.570 0.000 -1.753 14.85000
1556375890.865871906 -6.578 -36.570 0.000 -1.753 14.85000
1556375890.965872049 -6.756 -37.345 0.000 -1.753 14.91875
1556375891.065871954 -6.756 -37.345 0.000 -1.753 14.85000
1556375891.165872097 -6.934 -38.120 0.000 -1.753 14.85000
1556375891.265872002 -6.934 -38.120 0.000 -1.753 14.85000
1556375891.365871906 -7.113 -39.007 0.000 -1.753 14.85000
1556375891.465872049 -7.113 -39.007 0.000 -1.753 14.85000
1556375891.565871954 -7.202 -39.339 0.000 -1.753 14.85000
1556375891.665872097 -7.291 -39.782 0.000 -1.753 14.85000
1556375891.765872002 -7.470 -40.668 0.000 -1.753 14.78125
1556375891.865871906 -7.470 -40.668 0.000 -1.753 14.78125
1556375891.965872049 -7.648 -41.444 0.000 -1.753 14.85000
1556375892.065871954 -7.648 -41.444 0.000 -1.753 14.85000
1556375892.165872097 -7.741 -42.220 0.000 -1.753 14.78125
1556375892.265872002 -7.741 -42.220 0.000 -1.753 14.78125
1556375892.365871906 -7.919 -42.995 0.000 -1.753 14.78125
1556375892.465872049 -7.919 -42.995 0.000 -1.753 14.78125
1556375892.565871954 -8.009 -43.439 0.000 -1.753 14.78125
1556375892.665872097 -8.098 -43.882 0.000 -1.753 14.78125
1556375892.765872002 -8.276 -44.657 0.000 -1.753 14.64375
1556375892.865871906 -8.366 -45.100 0.000 -1.753 14.64375
1556375892.965872049 -8.369 -45.433 0.000 -1.753 14.64375
1556375893.065871954 -8.459 -45.876 0.000 -1.753 14.64375
1556375893.165872097 -8.548 -46.320 0.000 -1.753 14.57500
1556375893.265872002 -8.726 -47.095 0.000 -1.753 14.57500
1556375893.365871906 -8.726 -47.095 0.000 -1.753 14.57500
1556375893.465872049 -8.726 -47.095 0.000 -1.753 14.50625
1556375893.565871954 -8.905 -47.870 0.000 -1.753 14.50625
1556375893.665872097 -8.994 -48.314 0.000 -1.753 14.50625
1556375893.765872002 -9.083 -48.646 0.000 -1.753 14.50625
1556375893.865871906 -9.172 -49.089 0.000 -1.753 14.50625
1556375893.965872049 -9.261 -49.421 0.000 -1.753 14.50625
1556375894.065871954 -9.265 -49.865 0.000 -1.753 14.50625
1556375894.165872097 -9.354 -50.308 0.000 -1.753 14.50625
1556375894.265872002 -9.443 -50.640 0.000 -1.753 14.43750
1556375894.365871906 -9.533 -51.084 0.000 -1.753 14.43750
1556375894.465872049 -9.533 -51.084 0.000 -1.753 14.43750
1556375894.565871954 -9.711 -51.859 0.000 -1.753 14.43750
1556375894.665872097 -9.799 -52.191 0.000 -1.753 14.43750
1556375894.765872002 -9.803 -52.635 0.000 -1.753 14.36875
1556375894.865871906 -9.893 -53.078 0.000 -1.753 14.36875
1556375894.965872049 -9.982 -53.410 0.000 -1.753 14.30000
1556375895.065871954 -10.071 -53.854 0.000 -1.753 14.30000
1556375895.165872097 -10.160 -54.186 0.000 -1.753 14.36875
1556375895.265872002 -10.249 -54.629 0.000 -1.753 14.36875
1556375895.365871906 -10.338 -54.961 0.000 -1.753 14.30000
1556375895.465872049 -10.338 -54.961 0.000 -1.753 14.23125
1556375895.565871954 -10.520 -56.181 0.000 -1.753 14.30000
1556375895.665872097 -10.610 -56.624 0.000 -1.753 14.30000
1556375895.765872002 -10.698 -56.956 0.000 -1.753 14.30000
1556375895.865871906 -10.788 -57.399 0.000 -1.753 14.23125
1556375895.965872049 -10.876 -57.731 0.000 -1.753 14.23125
1556375896.065871954 -10.966 -58.174 0.000 -1.753 14.16250
1556375896.165872097 -10.969 -58.507 0.000 -1.753 14.23125
1556375896.265872002 -11.058 -58.951 0.000 -1.753 14.23125
1556375896.365871906 -11.058 -58.951 0.000 -1.753 14.23125
1556375896.465872049 -11.237 -59.726 0.000 -1.753 14.16250
1556375896.565871954 -11.326 -60.169 0.000 -1.753 14.16250
1556375896.665872097 -11.415 -60.501 0.000 -1.753 14.23125
1556375896.765872002 -11.504 -60.944 0.000 -1.753 14.23125
1556375896.865871906 -11.594 -61.388 0.000 -1.753 14.23125
1556375896.965872049 -11.682 -61.720 0.000 -1.753 14.16250
1556375897.065871954 -11.687 -62.164 0.000 -1.753 14.23125
1556375897.165872097 -11.775 -62.496 0.000 -1.753 14.23125
1556375897.265872002 -11.865 -62.939 0.000 -1.753 14.23125
1556375897.365871906 -11.865 -62.939 0.000 -1.753 14.23125
1556375897.465872049 -12.043 -63.715 0.000 -1.753 14.30000
1556375897.565871954 -12.132 -64.158 0.000 -1.753 14.23125
1556375897.665872097 -12.222 -64.601 0.000 -1.753 14.43750
1556375897.765872002 -12.311 -64.933 0.000 -1.753 14.43750
1556375897.865871906 -12.400 -65.376 0.000 -1.753 14.43750
1556375897.965872049 -12.490 -65.819 0.000 -1.753 14.43750
1556375898.065871954 -12.578 -66.152 0.000 -1.753 14.43750
1556375898.165872097 -12.668 -66.595 0.000 -1.753 14.50625
1556375898.265872002 -12.757 -67.038 0.000 -1.753 14.50625
1556375898.365871906 -12.850 -67.814 0.000 -1.753 14.57500
1556375898.465872049 -12.940 -68.257 0.000 -1.753 14.57500
1556375898.565871954 -13.028 -68.590 0.000 -1.753 14.50625
1556375898.665872097 -13.118 -69.033 0.000 -1.753 14.57500
1556375898.765872002 -13.207 -69.476 0.000 -1.753 14.64375
1556375898.865871906 -13.297 -69.919 0.000 -1.753 14.64375
1556375898.965872049 -13.385 -70.251 0.000 -1.753 14.64375
1556375899.065871954 -13.475 -70.694 0.000 -1.636 14.64375
1556375899.165872097 -13.565 -71.138 0.000 -1.636 14.71250
1556375899.265872002 -13.565 -71.138 0.000 -1.636 14.78125
1556375899.365871906 -13.832 -72.356 0.000 -1.636 14.85000
1556375899.465872049 -13.922 -72.799 0.000 -1.636 14.85000
1556375899.565871954 -14.011 -73.243 0.000 -1.636 14.85000
1556375899.665872097 -14.100 -73.575 0.000 -1.636 14.85000
1556375899.765872002 -14.190 -74.018 0.000 -1.631 14.85000
1556375899.865871906 -14.279 -74.461 0.000 -1.631 14.91875
1556375899.965872049 -14.369 -74.904 0.000 -1.631 14.91875
1556375900.065871954 -14.458 -75.347 0.000 -1.631 14.91875
1556375900.165872097 -14.458 -75.347 0.000 -1.631 14.98750
1556375900.265872002 -14.637 -76.123 0.000 -1.631 15.05625
1556375900.365871906 -14.726 -76.566 0.000 -1.631 15.05625
1556375900.465872049 -14.816 -77.009 0.000 -1.631 15.05625
1556375900.565871954 -14.905 -77.452 0.000 -1.626 15.05625
1556375900.665872097 -14.994 -77.785 0.000 -1.626 15.12500
1556375900.765872002 -15.083 -78.228 0.000 -1.626 15.12500
1556375900.865871906 -15.173 -78.671 0.000 -1.626 15.12500
1556375900.965872049 -15.177 -79.115 0.000 -1.626 15.12500
1556375901.065871954 -15.267 -79.558 0.000 -1.626 15.12500
1556375901.165872097 -15.267 -79.558 0.000 -1.626 15.12500
1556375901.265872002 -15.445 -80.333 0.000 -1.626 15.19375
1556375901.365871906 -15.534 -80.777 0.000 -1.620 15.19375
1556375901.465872049 -15.624 -81.220 0.000 -1.620 15.19375
1556375901.565871954 -15.713 -81.663 0.000 -1.620 15.12500
1556375901.665872097 -15.802 -81.995 0.000 -1.620 15.19375
1556375901.765872002 -15.892 -82.438 0.000 -1.620 15.19375
1556375901.865871906 -15.981 -82.881 0.000 -1.620 15.26250
1556375901.965872049 -16.071 -83.325 0.000 -1.620 15.19375
1556375902.065871954 -16.160 -83.768 0.000 -1.620 15.12500
1556375902.165872097 -16.160 -83.768 0.000 -1.620 15.12500
1556375902.265872002 -16.339 -84.543 0.000 -1.615 15.19375
1556375902.365871906 -16.428 -84.986 0.000 -1.615 15.26250
1556375902.465872049 -16.518 -85.430 0.000 -1.615 15.19375
1556375902.565871954 -16.522 -85.873 0.000 -1.615 15.12500
1556375902.665872097 -16.611 -86.317 0.000 -1.615 15.12500
1556375902.765872002 -16.700 -86.649 0.000 -1.615 15.12500
1556375902.865871906 -16.789 -87.092 0.000 -1.615 15.19375
1556375902.965872049 -16.879 -87.535 0.000 -1.610 15.19375
1556375903.065871954 -16.969 -87.978 0.000 -1.610 15.19375
1556375903.165872097 -16.969 -87.978 0.000 -1.610 15.12500
1556375903.265872002 -17.147 -88.754 0.000 -1.610 15.19375
1556375903.365871906 -17.236 -89.197 0.000 -1.610 15.19375
1556375903.465872049 -17.326 -89.640 0.000 -1.610 15.19375
1556375903.565871954 -17.415 -90.083 0.000 -1.610 15.19375
1556375903.665872097 -17.504 -90.415 0.000 -1.610 15.19375
1556375903.765872002 -17.508 -90.859 0.000 -1.604 15.19375
1556375903.865871906 -17.598 -91.303 0.000 -1.604 15.26250
1556375903.965872049 -17.687 -91.746 0.000 -1.604 15.19375
1556375904.065871954 -17.777 -92.189 0.000 -1.604 15.19375
1556375904.165872097 -17.777 -92.189 0.000 -1.604 15.12500
1556375904.265872002 -17.955 -92.964 0.000 -1.604 15.12500
1556375904.365871906 -18.045 -93.408 0.000 -1.604 15.19375
1556375904.465872049 -18.134 -93.851 0.000 -1.604 15.19375
1556375904.565871954 -18.224 -94.294 0.000 -1.599 15.19375
1556375904.665872097 -18.312 -94.626 0.000 -1.599 15.12500
1556375904.765872002 -18.402 -95.069 0.000 -1.599 15.12500
1556375904.865871906 -18.491 -95.512 0.000 -1.599 15.19375
1556375904.965872049 -18.581 -95.956 0.000 -1.599 15.19375
1556375905.065871954 -18.671 -96.399 0.000 -1.599 15.12500
1556375905.165872097 -18.671 -96.399 0.000 -1.599 15.12500
1556375905.265872002 -18.763 -97.175 0.000 -1.599 15.12500
1556375905.365871906 -18.853 -97.618 0.000 -1.594 15.12500
1556375905.465872049 -18.942 -98.061 0.000 -1.594 15.12500
1556375905.565871954 -19.032 -98.504 0.000 -1.594 15.12500
1556375905.665872097 -19.120 -98.837 0.000 -1.721 15.12500
1556375905.765872002 -19.210 -99.280 0.000 -1.721 15.12500
1556375905.865871906 -19.300 -99.723 0.000 -1.721 15.19375
1556375905.965872049 -19.389 -100.166 0.000 -1.721 15.19375
1556375906.065871954 -19.479 -100.609 0.000 -1.721 15.19375
1556375906.165872097 -19.479 -100.609 0.000 -1.721 15.12500
1556375906.265872002 -19.657 -101.385 0.000 -1.721 15.12500
1556375906.365871906 -19.747 -101.828 0.000 -1.721 15.19375
1556375906.465872049 -19.836 -102.271 0.000 -1.722 15.19375
1556375906.565871954 -19.925 -102.603 0.000 -1.722 15.19375
1556375906.665872097 -20.014 -103.046 0.000 -1.722 15.12500
1556375906.765872002 -20.104 -103.490 0.000 -1.722 15.12500
1556375906.865871906 -20.193 -103.933 0.000 -1.722 15.12500
1556375906.965872049 -20.283 -104.376 0.000 -1.722 15.12500
1556375907.065871954 -20.372 -104.708 0.000 -1.722 15.19375
1556375907.165872097 -20.372 -104.708 0.000 -1.722 15.19375
1556375907.265872002 -20.551 -105.595 0.000 -1.723 15.12500
1556375907.365871906 -20.640 -106.038 0.000 -1.723 15.19375
1556375907.465872049 -20.730 -106.481 0.000 -1.723 15.26250
1556375907.565871954 -20.818 -106.813 0.000 -1.723 15.26250
1556375907.665872097 -20.908 -107.256 0.000 -1.723 15.12500
1556375907.765872002 -20.998 -107.699 0.000 -1.723 15.12500
1556375907.865871906 -21.087 -108.143 0.000 -1.723 15.19375
1556375907.965872049 -21.177 -108.586 0.000 -1.723 15.19375
1556375908.065871954 -21.265 -108.918 0.000 -1.724 15.19375
1556375908.165872097 -21.265 -108.918 0.000 -1.724 15.19375
1556375908.265872002 -21.444 -109.804 0.000 -1.724 15.12500
1556375908.365871906 -21.534 -110.248 0.000 -1.724 15.12500
1556375908.465872049 -21.623 -110.580 0.000 -1.724 15.19375
1556375908.565871954 -21.712 -111.023 0.000 -1.724 15.26250
1556375908.665872097 -21.802 -111.466 0.000 -1.724 15.19375
1556375908.765872002 -21.891 -111.909 0.000 -1.724 15.19375
1556375908.865871906 -21.981 -112.352 0.000 -1.725 15.19375
1556375908.965872049 -22.070 -112.685 0.000 -1.725 15.19375
1556375909.065871954 -22.159 -113.128 0.000 -1.725 15.26250
1556375909.165872097 -22.159 -113.128 0.000 -1.725 15.26250
1556375909.265872002 -22.338 -114.014 0.000 -1.725 15.19375
1556375909.365871906 -22.427 -114.346 0.000 -1.725 15.19375
1556375909.465872049 -22.516 -114.790 0.000 -1.725 15.19375
1556375909.565871954 -22.606 -115.233 0.000 -1.725 15.26250
1556375909.665872097 -22.696 -115.676 0.000 -1.726 15.19375
1556375909.765872002 -22.785 -116.119 0.000 -1.726 15.19375
1556375909.865871906 -22.874 -116.451 0.000 -1.726 15.19375
1556375909.965872049 -22.963 -116.894 0.000 -1.726 15.19375
1556375910.065871954 -23.053 -117.338 0.000 -1.726 15.26250
1556375910.165872097 -23.053 -117.338 0.000 -1.726 15.19375
1556375910.265872002 -23.317 -118.112 0.000 -1.726 15.19375
1556375910.365871906 -23.406 -118.555 0.000 -1.726 15.19375
1556375910.465872049 -23.496 -118.999 0.000 -1.727 15.26250
1556375910.565871954 -23.585 -119.442 0.000 -1.727 15.26250
1556375910.665872097 -23.675 -119.885 0.000 -1.727 15.19375
1556375910.765872002 -23.763 -120.217 0.000 -1.727 15.19375
1556375910.865871906 -23.853 -120.660 0.000 -1.727 15.19375
1556375910.965872049 -23.857 -121.104 0.000 -1.727 15.12500
1556375911.065871954 -23.947 -121.547 0.000 -1.727 15.19375
1556375911.165872097 -24.125 -122.323 0.000 -1.728 15.12500
1556375911.265872002 -24.214 -122.766 0.000 -1.728 15.12500
1556375911.365871906 -24.304 -123.209 0.000 -1.728 15.12500
1556375911.465872049 -24.392 -123.541 0.000 -1.728 15.12500
1556375911.565871954 -24.482 -123.985 0.000 -1.728 15.19375
1556375911.665872097 -24.572 -124.428 0.000 -1.728 15.12500
1556375911.765872002 -24.661 -124.871 0.000 -1.728 15.12500
1556375911.865871906 -24.750 -125.203 0.000 -1.728 15.05625
1556375911.965872049 -24.839 -125.646 0.000 -1.729 15.12500
1556375912.065871954 -24.839 -125.646 0.000 -1.729 15.12500
1556375912.165872097 -25.019 -126.533 0.000 -1.729 15.12500
1556375912.265872002 -25.107 -126.865 0.000 -1.755 14.91875
1556375912.365871906 -25.197 -127.308 0.000 -1.755 14.98750
1556375912.465872049 -25.372 -127.750 0.000 -1.755 14.91875
1556375912.565871954 -25.460 -128.083 0.000 -1.755 14.91875
1556375912.665872097 -25.550 -128.526 0.000 -1.755 14.91875
1556375912.765872002 -25.640 -128.969 0.000 -1.755 14.85000
1556375912.865871906 -25.728 -129.301 0.000 -1.755 14.85000
1556375912.965872049 -25.818 -129.744 0.000 -1.755 14.85000
1556375913.065871954 -25.818 -129.744 0.000 -1.755 14.85000
1556375913.165872097 -25.996 -130.520 0.000 -1.755 14.85000
1556375913.265872002 -26.085 -130.963 0.000 -1.755 14.85000
1556375913.365871906 -26.265 -131.849 0.000 -1.755 14.78125
1556375913.465872049 -26.353 -132.181 0.000 -1.755 14.85000
1556375913.565871954 -26.353 -132.181 0.000 -1.755 14.85000
1556375913.665872097 -26.353 -132.181 0.000 -1.755 14.78125
1556375913.765872002 -26.353 -132.181 0.000 -1.755 14.78125
1556375913.865871906 -26.710 -133.843 0.000 -1.755 14.78125
1556375913.965872049 -26.889 -134.618 0.000 -1.755 14.85000
1556375914.065871954 -26.978 -135.062 0.000 -1.755 14.85000
1556375914.265872002 -27.156 -135.837 0.000 -1.755 14.78125
1556375914.365871906 -27.246 -136.280 0.000 -1.755 14.78125
1556375914.465872049 -27.334 -136.612 0.000 -1.755 14.85000
1556375914.565871954 -27.424 -137.056 0.000 -1.755 14.78125
1556375914.665872097 -27.514 -137.499 0.000 -1.755 14.64375
1556375914.765872002 -27.602 -137.831 0.000 -1.754 14.71250
1556375914.865871906 -27.602 -137.831 0.000 -1.754 14.71250
1556375914.965872049 -27.781 -138.717 0.000 -1.754 14.78125
1556375915.065871954 -27.955 -139.049 0.000 -1.754 14.71250
1556375915.165872097 -28.045 -139.492 0.000 -1.754 14.64375
1556375915.265872002 -28.135 -139.935 0.000 -1.754 14.64375
1556375915.365871906 -28.223 -140.267 0.000 -1.754 14.64375
1556375915.465872049 -28.313 -140.710 0.000 -1.754 14.71250
1556375915.565871954 -28.401 -141.043 0.000 -1.754 14.71250
1556375915.665872097 -28.576 -141.485 0.000 -1.754 14.71250
1556375915.765872002 -28.666 -141.928 0.000 -1.754 14.64375
1556375915.865871906 -28.666 -141.928 0.000 -1.754 14.64375
1556375915.965872049 -28.844 -142.704 0.000 -1.754 14.64375
1556375916.065871954 -28.844 -142.704 0.000 -1.754 14.64375
1556375916.165872097 -29.108 -143.478 0.000 -1.754 14.64375
1556375916.265872002 -29.197 -143.921 0.000 -1.754 14.64375
1556375916.365871906 -29.286 -144.254 0.000 -1.755 14.57500
1556375916.465872049 -29.376 -144.697 0.000 -1.755 14.64375
1556375916.565871954 -29.464 -145.029 0.000 -1.755 14.71250
1556375916.665872097 -29.639 -145.471 0.000 -1.755 14.64375
1556375916.765872002 -29.729 -145.914 0.000 -1.755 14.57500
1556375916.865871906 -29.729 -145.914 0.000 -1.755 14.57500
1556375916.965872049 -29.907 -146.690 0.000 -1.755 14.71250
1556375917.065871954 -29.996 -147.022 0.000 -1.755 14.71250
1556375917.165872097 -30.171 -147.464 0.000 -1.755 14.64375
1556375917.265872002 -30.260 -147.908 0.000 -1.755 14.71250
1556375917.365871906 -30.349 -148.240 0.000 -1.755 14.64375
1556375917.465872049 -30.438 -148.683 0.000 -1.755 14.64375
1556375917.565871954 -30.528 -149.126 0.000 -1.755 14.64375
1556375917.665872097 -30.616 -149.458 0.000 -1.755 14.64375
1556375917.765872002 -30.792 -149.901 0.000 -1.755 14.64375
1556375917.865871906 -30.881 -150.344 0.000 -1.755 14.64375
1556375917.965872049 -30.970 -150.676 0.000 -1.755 14.57500
1556375918.065871954 -31.059 -151.119 0.000 -1.755 14.64375
1556375918.165872097 -31.148 -151.451 0.000 -1.755 14.71250
1556375918.265872002 -31.237 -151.895 0.000 -1.755 14.71250
1556375918.365871906 -31.413 -152.337 0.000 -1.755 14.71250
1556375918.465872049 -31.501 -152.669 0.000 -1.755 14.64375
1556375918.565871954 -31.591 -153.112 0.000 -1.755 14.64375
1556375918.665872097 -31.680 -153.556 0.000 -1.755 14.64375
1556375918.765872002 -31.769 -153.888 0.000 -1.755 14.71250
1556375918.865871906 -31.769 -153.888 0.000 -1.755 14.64375
1556375918.965872049 -31.948 -154.774 0.000 -1.755 14.57500
1556375919.065871954 -32.037 -155.106 0.000 -1.764 14.64375
1556375919.165872097 -32.212 -155.549 0.000 -1.764 14.64375
1556375919.265872002 -32.390 -156.324 0.000 -1.764 14.71250
1556375919.365871906 -32.479 -156.767 0.000 -1.764 14.71250
1556375919.465872049 -32.569 -157.210 0.000 -1.764 14.64375
1556375919.565871954 -32.658 -157.543 0.000 -1.764 14.71250
1556375919.665872097 -32.747 -157.986 0.000 -1.764 14.78125
1556375919.765872002 -32.747 -157.986 0.000 -1.764 14.78125
1556375919.865871906 -32.925 -158.761 0.000 -1.764 14.71250
1556375919.965872049 -33.015 -159.204 0.000 -1.764 14.71250
1556375920.065871954 -33.103 -159.537 0.000 -1.764 14.71250
1556375920.165872097 -33.279 -159.979 0.000 -1.764 14.78125
1556375920.265872002 -33.368 -160.422 0.000 -1.764 14.78125
1556375920.365871906 -33.457 -160.754 0.000 -1.764 14.78125
1556375920.465872049 -33.546 -161.197 0.000 -1.764 14.71250
1556375920.565871954 -33.636 -161.641 0.000 -1.764 14.64375
1556375920.665872097 -33.724 -161.973 0.000 -1.764 14.85000
1556375920.765872002 -33.724 -161.973 0.000 -1.764 14.85000
1556375920.865871906 -33.904 -162.859 0.000 -1.764 14.85000
1556375920.965872049 -33.992 -163.191 0.000 -1.764 14.78125
1556375921.065871954 -34.082 -163.635 0.000 -1.764 14.71250
1556375921.165872097 -34.171 -164.078 0.000 -1.764 14.78125
1556375921.265872002 -34.260 -164.410 0.000 -1.764 14.78125
1556375921.365871906 -34.435 -164.852 0.000 -1.764 14.78125
1556375921.465872049 -34.525 -165.296 0.000 -1.764 14.71250
1556375921.565871954 -34.613 -165.628 0.000 -1.764 14.71250
1556375921.665872097 -34.703 -166.071 0.000 -1.764 14.78125
