2019-04-26 10:20:41.603080454 116.185214 39.864703 69.491715 0.527360 0.472427 177.495041
2019-04-26 10:20:41.752207079 116.185213 39.864699 69.499183 0.631733 0.455947 176.676529
2019-04-26 10:20:42.001802559 116.185212 39.864691 69.509788 0.631733 0.472427 175.605331
2019-04-26 10:20:42.152444230 116.185212 39.864687 69.514876 0.637226 0.494400 175.072479
2019-04-26 10:20:42.201853427 116.185212 39.864685 69.516677 0.642720 0.499893 174.885712
2019-04-26 10:20:42.352674905 116.185211 39.864680 69.522841 0.637226 0.461440 174.336380
2019-04-26 10:20:42.402757161 116.185211 39.864679 69.525259 0.664693 0.433973 174.149597
2019-04-26 10:20:42.552647941 116.185210 39.864674 69.532743 0.653706 0.357067 173.611252
2019-04-26 10:20:42.602109474 116.185210 39.864672 69.535253 0.653706 0.329600 173.429977
2019-04-26 10:20:42.751676383 116.185209 39.864667 69.543111 0.637226 0.291147 172.891632
2019-04-26 10:20:42.801417002 116.185209 39.864665 69.545377 0.637226 0.274667 172.721329
2019-04-26 10:20:42.952200746 116.185208 39.864660 69.550038 0.664693 0.263680 172.254410
2019-04-26 10:20:43.001832002 116.185208 39.864658 69.551243 0.681173 0.280160 172.122559
2019-04-26 10:20:43.152291321 116.185207 39.864653 69.554524 0.664693 0.379040 171.792969
2019-04-26 10:20:43.202636967 116.185207 39.864651 69.555180 0.659200 0.428480 171.710556
2019-04-26 10:20:43.351367882 116.185206 39.864646 69.559002 0.670186 0.571307 171.540268
2019-04-26 10:20:43.402676679 116.185205 39.864644 69.560642 0.692160 0.587786 171.485336
2019-04-26 10:20:43.551741320 116.185204 39.864639 69.564998 0.664693 0.604266 171.304062
2019-04-26 10:20:43.602213993 116.185204 39.864637 69.566745 0.714133 0.587786 171.249115
2019-04-26 10:20:43.751500131 116.185203 39.864632 69.574641 0.736106 0.439467 171.084320
2019-04-26 10:20:43.801839308 116.185202 39.864630 69.577739 0.736106 0.379040 171.023895
2019-04-26 10:20:43.952303367 116.185201 39.864624 69.588999 0.675680 0.104373 170.853607
2019-04-26 10:20:44.003335950 116.185201 39.864622 69.592768 0.604266 0.010987 170.809662
2019-04-26 10:20:44.151478487 116.185200 39.864617 69.600976 0.631733 -0.098880 170.644852
2019-04-26 10:20:44.201804525 116.185199 39.864615 69.602456 0.670186 -0.115360 170.595413
2019-04-26 10:20:44.351635892 116.185198 39.864609 69.602235 0.747093 -0.016480 170.469070
2019-04-26 10:20:44.402429886 116.185197 39.864607 69.602136 0.763573 0.000000 170.436111
2019-04-26 10:20:44.551772468 116.185196 39.864602 69.599878 0.725120 0.093387 170.375687
2019-04-26 10:20:44.601925848 116.185196 39.864600 69.598779 0.703146 0.142827 170.375687
2019-04-26 10:20:44.751513978 116.185194 39.864594 69.603913 0.670186 0.054933 170.414139
2019-04-26 10:20:44.802381810 116.185194 39.864592 69.604745 0.714133 0.054933 170.425125
2019-04-26 10:20:44.952782647 116.185192 39.864586 69.609315 0.714133 0.043947 170.436111
2019-04-26 10:20:45.002063950 116.185192 39.864584 69.610573 0.708640 0.032960 170.441605
2019-04-26 10:20:45.152443661 116.185191 39.864578 69.612908 0.659200 0.065920 170.447098
2019-04-26 10:20:45.201513189 116.185190 39.864576 69.613633 0.686666 0.098880 170.441605
2019-04-26 10:20:45.351914281 116.185189 39.864570 69.615776 0.714133 0.115360 170.447098
2019-04-26 10:20:45.401772863 116.185189 39.864568 69.616242 0.736106 0.131840 170.447098
2019-04-26 10:20:45.552627922 116.185187 39.864562 69.620094 0.730613 0.126347 170.458084
2019-04-26 10:20:45.602872233 116.185187 39.864560 69.620750 0.730613 0.115360 170.458084
2019-04-26 10:20:45.753266320 116.185185 39.864554 69.624168 0.714133 0.065920 170.458084
2019-04-26 10:20:45.803182217 116.185185 39.864552 69.626327 0.719626 0.016480 170.469070
2019-04-26 10:20:45.952345717 116.185184 39.864546 69.630714 0.725120 -0.016480 170.507523
2019-04-26 10:20:46.151455460 116.185182 39.864539 69.634048 0.719626 -0.049440 170.534988
2019-04-26 10:20:46.202960449 116.185181 39.864537 69.635146 0.725120 -0.060427 170.540482
2019-04-26 10:20:46.353237572 116.185180 39.864531 69.636039 0.703146 0.010987 170.545975
2019-04-26 10:20:46.402323652 116.185180 39.864529 69.636375 0.686666 0.027467 170.534988
2019-04-26 10:20:46.602457662 116.185178 39.864521 69.639060 0.664693 0.027467 170.441605
2019-04-26 10:20:46.752514147 116.185176 39.864515 69.641074 0.670186 0.082400 170.370193
2019-04-26 10:20:46.802091086 116.185176 39.864513 69.642066 0.653706 0.071413 170.353714
2019-04-26 10:20:46.952292407 116.185175 39.864507 69.645232 0.637226 0.093387 170.276810
2019-04-26 10:20:47.003083691 116.185174 39.864505 69.646429 0.637226 0.076907 170.260330
2019-04-26 10:20:47.151562772 116.185173 39.864499 69.648840 0.648213 0.049440 170.194397
2019-04-26 10:20:47.352446654 116.185171 39.864491 69.654150 0.637226 0.010987 170.133972
2019-04-26 10:20:47.402178777 116.185171 39.864489 69.655248 0.653706 0.000000 170.122986
2019-04-26 10:20:47.552302256 116.185169 39.864483 69.658758 0.620746 -0.032960 170.106506
2019-04-26 10:20:47.601933480 116.185169 39.864481 69.659269 0.626240 -0.021973 170.101013
2019-04-26 10:20:47.752243735 116.185167 39.864476 69.660673 0.615253 0.005493 170.084534
2019-04-26 10:20:47.802518327 116.185167 39.864474 69.661397 0.642720 0.000000 170.073547
2019-04-26 10:20:47.953281840 116.185166 39.864468 69.663472 0.593280 0.005493 170.051575
2019-04-26 10:20:48.002586180 116.185165 39.864466 69.664617 0.604266 -0.010987 170.035095
2019-04-26 10:20:48.152182835 116.185164 39.864461 69.665937 0.571307 -0.005493 169.969177
2019-04-26 10:20:48.203051485 116.185164 39.864459 69.666562 0.571307 -0.038453 169.941711
2019-04-26 10:20:48.351624325 116.185162 39.864453 69.667851 0.543840 -0.065920 169.859314
2019-04-26 10:20:48.402379514 116.185162 39.864452 69.668050 0.549333 -0.065920 169.837341
2019-04-26 10:20:48.551291400 116.185161 39.864446 69.669972 0.516373 -0.109867 169.776917
2019-04-26 10:20:48.601175986 116.185160 39.864444 69.670392 0.521867 -0.109867 169.738449
2019-04-26 10:20:48.751894602 116.185159 39.864439 69.670697 0.499893 -0.126347 169.667038
2019-04-26 10:20:48.801905324 116.185158 39.864437 69.670583 0.477920 -0.131840 169.650558
2019-04-26 10:20:48.952733962 116.185157 39.864432 69.669850 0.466933 -0.098880 169.584641
2019-04-26 10:20:49.002355828 116.185157 39.864430 69.669415 0.466933 -0.076907 169.573654
2019-04-26 10:20:49.151305717 116.185155 39.864425 69.670087 0.461440 -0.126347 169.518723
2019-04-26 10:20:49.202526003 116.185155 39.864423 69.669751 0.461440 -0.104373 169.502243
2019-04-26 10:20:49.353109968 116.185154 39.864418 69.669621 0.433973 -0.082400 169.480270
2019-04-26 10:20:49.402705653 116.185153 39.864416 69.669866 0.417493 -0.104373 169.469284
2019-04-26 10:20:49.552219620 116.185152 39.864411 69.668904 0.390027 -0.021973 169.458298
2019-04-26 10:20:49.601893198 116.185152 39.864410 69.669087 0.406507 -0.016480 169.458298
2019-04-26 10:20:49.752435628 116.185150 39.864405 69.665387 0.412000 0.054933 169.441818
2019-04-26 10:20:49.803264314 116.185150 39.864403 69.665403 0.417493 0.043947 169.447311
2019-04-26 10:20:49.952480385 116.185149 39.864398 69.667440 0.428480 0.010987 169.452805
2019-04-26 10:20:50.002651606 116.185148 39.864396 69.667699 0.439467 0.027467 169.447311
2019-04-26 10:20:50.152166545 116.185147 39.864391 69.665799 0.439467 0.060427 169.441818
2019-04-26 10:20:50.201739625 116.185146 39.864389 69.665807 0.477920 0.043947 169.436325
2019-04-26 10:20:50.401355591 116.185145 39.864382 69.668019 0.477920 0.005493 169.430832
2019-04-26 10:20:50.551137162 116.185143 39.864376 69.665502 0.483413 0.027467 169.447311
2019-04-26 10:20:50.602117485 116.185143 39.864375 69.666074 0.472427 0.000000 169.452805
2019-04-26 10:20:50.702878048 116.185142 39.864371 69.666135 0.527360 0.016480 169.452805
2019-04-26 10:20:50.803134876 116.185141 39.864367 69.665021 0.543840 0.054933 169.474777
2019-04-26 10:20:50.951520734 116.185140 39.864362 69.664930 0.549333 0.071413 169.502243
2019-04-26 10:20:51.002656751 116.185139 39.864360 69.665036 0.576800 0.082400 169.507736
2019-04-26 10:20:51.102519814 116.185138 39.864356 69.664350 0.582293 0.098880 169.529709
2019-04-26 10:20:51.202047775 116.185137 39.864353 69.662153 0.626240 0.186773 169.540695
2019-04-26 10:20:51.301980470 116.185137 39.864349 69.662664 0.582293 0.214240 169.557175
2019-04-26 10:20:51.401875681 116.185136 39.864346 69.663160 0.615253 0.192267 169.584641
2019-04-26 10:20:51.501741819 116.185135 39.864342 69.662855 0.659200 0.192267 169.606613
2019-04-26 10:20:51.602567410 116.185134 39.864338 69.663991 0.681173 0.208747 169.606613
2019-04-26 10:20:51.701838348 116.185133 39.864334 69.664029 0.642720 0.230720 169.628586
2019-04-26 10:20:51.801791227 116.185132 39.864331 69.664808 0.626240 0.208747 169.656052
2019-04-26 10:20:51.901772623 116.185131 39.864327 69.667432 0.593280 0.175787 169.672531
2019-04-26 10:20:52.002297492 116.185130 39.864323 69.668706 0.582293 0.186773 169.689011
2019-04-26 10:20:52.102259278 116.185129 39.864319 69.667157 0.604266 0.225227 169.710983
2019-04-26 10:20:52.203000179 116.185128 39.864316 69.667707 0.593280 0.208747 169.716476
2019-04-26 10:20:52.301657788 116.185127 39.864312 69.669866 0.593280 0.170293 169.716476
2019-04-26 10:20:52.402493511 116.185126 39.864308 69.670125 0.609760 0.181280 169.716476
2019-04-26 10:20:52.502663764 116.185126 39.864304 69.670468 0.587786 0.181280 169.721970
2019-04-26 10:20:52.602237335 116.185125 39.864301 69.671956 0.598773 0.126347 169.716476
2019-04-26 10:20:52.702148307 116.185124 39.864297 69.673161 0.598773 0.082400 169.721970
2019-04-26 10:20:52.801898708 116.185123 39.864293 69.673505 0.620746 0.082400 169.721970
2019-04-26 10:20:52.902314100 116.185122 39.864289 69.673520 0.609760 0.065920 169.727463
2019-04-26 10:20:53.001418519 116.185121 39.864285 69.673535 0.648213 0.049440 169.721970
2019-04-26 10:20:53.101451191 116.185120 39.864281 69.674290 0.615253 0.038453 169.727463
2019-04-26 10:20:53.302189558 116.185118 39.864274 69.672879 0.648213 0.065920 169.732956
2019-04-26 10:20:53.402893443 116.185117 39.864270 69.672383 0.675680 0.076907 169.721970
2019-04-26 10:20:53.501323436 116.185116 39.864266 69.672124 0.664693 0.071413 169.721970
2019-04-26 10:20:53.602154562 116.185115 39.864262 69.671620 0.653706 0.082400 169.721970
2019-04-26 10:20:53.701975186 116.185114 39.864259 69.671918 0.609760 0.076907 169.716476
2019-04-26 10:20:53.801791868 116.185114 39.864255 69.672185 0.604266 0.054933 169.716476
2019-04-26 10:20:53.902306597 116.185113 39.864251 69.671666 0.642720 0.071413 169.710983
2019-04-26 10:20:54.002888512 116.185112 39.864248 69.671780 0.637226 0.087893 169.716476
2019-04-26 10:20:54.102389438 116.185111 39.864244 69.670758 0.626240 0.120853 169.716476
2019-04-26 10:20:54.202302287 116.185110 39.864241 69.670857 0.609760 0.109867 169.716476
2019-04-26 10:20:54.303066958 116.185109 39.864237 69.670918 0.598773 0.098880 169.716476
2019-04-26 10:20:54.401519645 116.185108 39.864233 69.670102 0.598773 0.126347 169.705490
2019-04-26 10:20:54.501565656 116.185107 39.864230 69.669896 0.626240 0.104373 169.710983
2019-04-26 10:20:54.603280678 116.185107 39.864226 69.670110 0.615253 0.098880 169.716476
2019-04-26 10:20:54.702428286 116.185106 39.864223 69.670499 0.631733 0.082400 169.699997
2019-04-26 10:20:54.803286395 116.185105 39.864219 69.669995 0.604266 0.049440 169.699997
2019-04-26 10:20:54.901447968 116.185104 39.864215 69.669545 0.598773 0.049440 169.699997
2019-04-26 10:20:55.002086882 116.185103 39.864212 69.669850 0.615253 0.032960 169.699997
2019-04-26 10:20:55.102770621 116.185102 39.864208 69.669682 0.615253 -0.005493 169.705490
2019-04-26 10:20:55.201927706 116.185101 39.864205 69.668279 0.637226 0.010987 169.699997
2019-04-26 10:20:55.301227768 116.185100 39.864201 69.667234 0.664693 0.016480 169.694504
2019-04-26 10:20:55.401347681 116.185100 39.864198 69.664960 0.653706 0.021973 169.689011
2019-04-26 10:20:55.502346066 116.185099 39.864194 69.663060 0.697653 0.054933 169.678024
2019-04-26 10:20:55.601430294 116.185098 39.864190 69.662122 0.659200 0.049440 169.672531
2019-04-26 10:20:55.702337709 116.185097 39.864187 69.659673 0.664693 0.065920 169.661545
2019-04-26 10:20:55.802773856 116.185096 39.864183 69.657896 0.686666 0.065920 169.661545
2019-04-26 10:20:55.901943316 116.185095 39.864179 69.657598 0.692160 -0.005493 169.650558
2019-04-26 10:20:56.002423530 116.185094 39.864176 69.656675 0.659200 -0.021973 169.639572
2019-04-26 10:20:56.201455326 116.185092 39.864168 69.654859 0.648213 -0.082400 169.606613
2019-04-26 10:20:56.302737726 116.185092 39.864165 69.652891 0.675680 -0.082400 169.573654
2019-04-26 10:20:56.401752751 116.185091 39.864161 69.651175 0.648213 -0.071413 169.562668
2019-04-26 10:20:56.502857928 116.185090 39.864157 69.648329 0.653706 -0.082400 169.551682
2019-04-26 10:20:56.601901022 116.185089 39.864154 69.644759 0.642720 -0.060427 169.535202
2019-04-26 10:20:56.703304601 116.185088 39.864150 69.642417 0.686666 -0.065920 169.507736
2019-04-26 10:20:56.802454409 116.185087 39.864146 69.640075 0.626240 -0.076907 169.502243
2019-04-26 10:20:56.901562992 116.185086 39.864142 69.637488 0.653706 -0.032960 169.491257
2019-04-26 10:20:57.002191704 116.185085 39.864139 69.636497 0.604266 -0.060427 169.491257
2019-04-26 10:20:57.101373940 116.185084 39.864135 69.633926 0.626240 -0.049440 169.469284
2019-04-26 10:20:57.301451718 116.185082 39.864127 69.628738 0.675680 -0.005493 169.447311
2019-04-26 10:20:57.402913650 116.185081 39.864124 69.626442 0.631733 0.027467 169.441818
2019-04-26 10:20:57.502471349 116.185080 39.864120 69.625335 0.653706 0.005493 169.436325
2019-04-26 10:20:57.602476943 116.185079 39.864116 69.624092 0.664693 -0.032960 169.425339
2019-04-26 10:20:57.703333051 116.185078 39.864112 69.622360 0.659200 0.000000 169.403366
2019-04-26 10:20:57.801618153 116.185077 39.864108 69.621834 0.648213 -0.027467 169.408859
2019-04-26 10:20:57.902854968 116.185077 39.864104 69.620522 0.637226 -0.032960 169.397873
2019-04-26 10:20:58.001403847 116.185076 39.864101 69.619347 0.659200 -0.021973 169.386887
2019-04-26 10:20:58.102691937 116.185075 39.864097 69.617630 0.670186 -0.038453 169.375900
2019-04-26 10:20:58.201667417 116.185074 39.864093 69.615364 0.648213 -0.054933 169.359421
2019-04-26 10:20:58.301785935 116.185073 39.864089 69.613801 0.626240 -0.032960 169.359421
2019-04-26 10:20:58.401857250 116.185072 39.864085 69.612793 0.648213 -0.054933 169.348434
2019-04-26 10:20:58.502314031 116.185071 39.864081 69.611565 0.681173 -0.076907 169.326462
2019-04-26 10:20:58.601718241 116.185070 39.864078 69.610390 0.686666 -0.082400 169.320969
2019-04-26 10:20:58.703080994 116.185069 39.864074 69.608765 0.670186 -0.098880 169.320969
2019-04-26 10:20:58.802919256 116.185068 39.864070 69.605897 0.692160 -0.065920 169.309982
2019-04-26 10:20:58.903104892 116.185067 39.864066 69.603814 0.697653 -0.043947 169.298996
2019-04-26 10:20:59.001554231 116.185066 39.864062 69.602632 0.703146 -0.076907 169.298996
2019-04-26 10:20:59.102319915 116.185065 39.864058 69.600961 0.692160 -0.043947 169.288010
2019-04-26 10:20:59.201404090 116.185064 39.864054 69.598825 0.697653 -0.010987 169.288010
2019-04-26 10:20:59.301455025 116.185063 39.864050 69.596536 0.697653 -0.032960 169.282516
2019-04-26 10:20:59.402662017 116.185062 39.864046 69.594598 0.752586 -0.049440 169.277023
2019-04-26 10:20:59.501879073 116.185061 39.864042 69.593508 0.741600 -0.060427 169.282516
2019-04-26 10:20:59.602519231 116.185060 39.864038 69.591692 0.703146 -0.060427 169.298996
2019-04-26 10:20:59.703052802 116.185059 39.864034 69.591173 0.703146 -0.115360 169.315475
2019-04-26 10:20:59.801891653 116.185058 39.864031 69.590082 0.714133 -0.120853 169.326462
2019-04-26 10:20:59.903052458 116.185057 39.864027 69.588556 0.719626 -0.142827 169.337448
2019-04-26 10:21:00.002382957 116.185056 39.864023 69.585734 0.664693 -0.115360 169.353928
2019-04-26 10:21:00.103200218 116.185055 39.864019 69.584078 0.659200 -0.115360 169.370407
2019-04-26 10:21:00.202302338 116.185054 39.864015 69.582026 0.664693 -0.137333 169.386887
2019-04-26 10:21:00.301821336 116.185053 39.864011 69.579486 0.670186 -0.115360 169.397873
2019-04-26 10:21:00.402281190 116.185052 39.864007 69.577121 0.670186 -0.098880 169.419846
2019-04-26 10:21:00.501859252 116.185051 39.864004 69.574809 0.653706 -0.104373 169.430832
2019-04-26 10:21:00.603061703 116.185050 39.864000 69.573382 0.609760 -0.126347 169.441818
2019-04-26 10:21:00.702046134 116.185049 39.863996 69.571429 0.620746 -0.137333 169.452805
2019-04-26 10:21:00.801433017 116.185048 39.863992 69.569354 0.593280 -0.142827 169.469284
2019-04-26 10:21:00.901534321 116.185047 39.863988 69.567394 0.565813 -0.142827 169.491257
2019-04-26 10:21:01.001818687 116.185046 39.863984 69.566371 0.560320 -0.164800 169.502243
2019-04-26 10:21:01.101794543 116.185045 39.863981 69.564029 0.532853 -0.170293 169.507736
2019-04-26 10:21:01.203146267 116.185044 39.863977 69.561512 0.549333 -0.175787 169.518723
2019-04-26 10:21:01.301334122 116.185043 39.863973 69.558895 0.527360 -0.159307 169.529709
2019-04-26 10:21:01.402527992 116.185042 39.863969 69.557079 0.521867 -0.181280 169.540695
2019-04-26 10:21:01.502612643 116.185042 39.863966 69.554493 0.494400 -0.164800 169.551682
2019-04-26 10:21:01.602935830 116.185041 39.863962 69.552380 0.483413 -0.148320 169.557175
2019-04-26 10:21:01.703051796 116.185040 39.863958 69.550580 0.472427 -0.192267 169.573654
2019-04-26 10:21:01.801265134 116.185039 39.863954 69.547757 0.455947 -0.153813 169.584641
2019-04-26 10:21:01.902974113 116.185038 39.863951 69.546437 0.466933 -0.181280 169.595627
2019-04-26 10:21:02.001286957 116.185037 39.863947 69.543897 0.455947 -0.192267 169.601120
2019-04-26 10:21:02.102138444 116.185036 39.863943 69.541699 0.450453 -0.159307 169.606613
2019-04-26 10:21:02.202964396 116.185035 39.863940 69.541097 0.466933 -0.214240 169.617599
2019-04-26 10:21:02.302156595 116.185034 39.863936 69.538167 0.466933 -0.186773 169.628586
2019-04-26 10:21:02.401828299 116.185033 39.863932 69.535779 0.477920 -0.181280 169.634079
2019-04-26 10:21:02.502520492 116.185032 39.863929 69.531996 0.472427 -0.153813 169.639572
2019-04-26 10:21:02.601352564 116.185032 39.863925 69.528006 0.461440 -0.082400 169.645065
2019-04-26 10:21:02.703175560 116.185031 39.863921 69.526503 0.444960 -0.120853 169.661545
2019-04-26 10:21:02.802594538 116.185030 39.863918 69.524183 0.455947 -0.104373 169.667038
2019-04-26 10:21:02.902048424 116.185029 39.863914 69.521483 0.444960 -0.032960 169.672531
2019-04-26 10:21:03.002901290 116.185028 39.863910 69.519614 0.472427 -0.071413 169.683517
2019-04-26 10:21:03.102573971 116.185027 39.863906 69.517142 0.455947 -0.027467 169.683517
2019-04-26 10:21:03.202330866 116.185026 39.863903 69.515677 0.461440 -0.005493 169.689011
2019-04-26 10:21:03.301632199 116.185025 39.863899 69.514075 0.461440 -0.038453 169.705490
2019-04-26 10:21:03.401765927 116.185024 39.863895 69.511596 0.505387 -0.016480 169.705490
2019-04-26 10:21:03.502355786 116.185023 39.863891 69.510718 0.494400 -0.032960 169.705490
2019-04-26 10:21:03.601321490 116.185022 39.863887 69.509154 0.505387 -0.032960 169.721970
2019-04-26 10:21:03.702937351 116.185021 39.863883 69.508125 0.510880 -0.016480 169.727463
2019-04-26 10:21:03.802310055 116.185020 39.863879 69.506713 0.516373 -0.038453 169.716476
2019-04-26 10:21:03.902026304 116.185019 39.863876 69.505073 0.554826 -0.054933 169.716476
2019-04-26 10:21:04.002566780 116.185018 39.863872 69.503456 0.571307 -0.054933 169.721970
2019-04-26 10:21:04.103231151 116.185017 39.863868 69.501983 0.560320 -0.082400 169.710983
2019-04-26 10:21:04.201670794 116.185017 39.863864 69.500725 0.554826 -0.109867 169.716476
2019-04-26 10:21:04.301892472 116.185016 39.863860 69.499748 0.587786 -0.126347 169.710983
2019-04-26 10:21:04.402564188 116.185015 39.863856 69.498169 0.582293 -0.170293 169.699997
2019-04-26 10:21:04.503161076 116.185014 39.863852 69.495766 0.565813 -0.142827 169.689011
2019-04-26 10:21:04.601442910 116.185013 39.863848 69.494164 0.571307 -0.181280 169.683517
2019-04-26 10:21:04.701718247 116.185012 39.863844 69.491074 0.549333 -0.175787 169.667038
2019-04-26 10:21:04.802718207 116.185011 39.863840 69.488533 0.554826 -0.131840 169.650558
2019-04-26 10:21:04.901642185 116.185010 39.863836 69.486512 0.560320 -0.148320 169.645065
2019-04-26 10:21:05.003101471 116.185009 39.863832 69.483720 0.549333 -0.137333 169.628586
2019-04-26 10:21:05.101459418 116.185008 39.863828 69.482011 0.543840 -0.120853 169.612106
2019-04-26 10:21:05.203183711 116.185007 39.863824 69.479592 0.549333 -0.148320 169.606613
2019-04-26 10:21:05.301630270 116.185006 39.863820 69.477540 0.560320 -0.175787 169.590134
2019-04-26 10:21:05.403264760 116.185005 39.863816 69.475358 0.560320 -0.137333 169.573654
2019-04-26 10:21:05.501586871 116.185004 39.863813 69.473756 0.565813 -0.175787 169.562668
2019-04-26 10:21:05.601221419 116.185003 39.863809 69.471124 0.549333 -0.186773 169.535202
2019-04-26 10:21:05.701903456 116.185002 39.863805 69.469301 0.560320 -0.175787 169.502243
2019-04-26 10:21:05.802665826 116.185001 39.863801 69.467447 0.554826 -0.197760 169.485764
2019-04-26 10:21:05.903190292 116.185000 39.863797 69.464327 0.582293 -0.181280 169.458298
2019-04-26 10:21:06.003034403 116.184999 39.863793 69.462374 0.598773 -0.170293 169.430832
2019-04-26 10:21:06.103204595 116.184998 39.863790 69.460169 0.587786 -0.159307 169.408859
2019-04-26 10:21:06.201634734 116.184997 39.863786 69.457682 0.576800 -0.115360 169.386887
2019-04-26 10:21:06.302344155 116.184996 39.863782 69.455844 0.576800 -0.109867 169.359421
2019-04-26 10:21:06.403090763 116.184995 39.863778 69.452990 0.604266 -0.104373 169.337448
2019-04-26 10:21:06.503056492 116.184994 39.863775 69.451045 0.637226 -0.120853 169.309982
2019-04-26 10:21:06.603366896 116.184993 39.863771 69.449206 0.631733 -0.142827 169.282516
2019-04-26 10:21:06.703360243 116.184993 39.863767 69.447986 0.620746 -0.159307 169.260544
2019-04-26 10:21:06.801927286 116.184992 39.863763 69.447742 0.626240 -0.203253 169.244049
2019-04-26 10:21:06.902209245 116.184991 39.863760 69.446910 0.642720 -0.219733 169.211090
2019-04-26 10:21:07.003190584 116.184990 39.863756 69.444797 0.659200 -0.203253 169.183624
2019-04-26 10:21:07.101576092 116.184989 39.863752 69.442150 0.686666 -0.164800 169.167145
2019-04-26 10:21:07.202050413 116.184988 39.863748 69.439220 0.697653 -0.142827 169.145172
2019-04-26 10:21:07.303144357 116.184987 39.863745 69.435909 0.719626 -0.104373 169.117706
2019-04-26 10:21:07.402525274 116.184986 39.863741 69.432842 0.730613 -0.093387 169.095734
2019-04-26 10:21:07.502202137 116.184985 39.863737 69.431179 0.730613 -0.126347 169.073761
2019-04-26 10:21:07.601919606 116.184984 39.863733 69.429493 0.708640 -0.098880 169.051788
2019-04-26 10:21:07.702977341 116.184983 39.863730 69.428845 0.763573 -0.109867 169.040802
2019-04-26 10:21:07.801921388 116.184982 39.863726 69.427594 0.802026 -0.153813 169.018829
2019-04-26 10:21:07.903190934 116.184981 39.863722 69.426304 0.802026 -0.148320 168.985870
2019-04-26 10:21:08.002347951 116.184980 39.863718 69.425290 0.785546 -0.159307 168.974884
2019-04-26 10:21:08.101896605 116.184979 39.863715 69.422681 0.791040 -0.153813 168.958405
2019-04-26 10:21:08.201758022 116.184978 39.863711 69.420049 0.807520 -0.126347 168.925446
2019-04-26 10:21:08.301972869 116.184977 39.863707 69.418019 0.867946 -0.142827 168.908966
2019-04-26 10:21:08.401549025 116.184976 39.863704 69.415143 0.889920 -0.148320 168.892487
2019-04-26 10:21:08.503099140 116.184975 39.863700 69.412328 0.856960 -0.109867 168.870514
2019-04-26 10:21:08.602606019 116.184974 39.863696 69.410772 0.862453 -0.159307 168.854034
2019-04-26 10:21:08.701441129 116.184973 39.863693 69.407987 0.845973 -0.153813 168.832062
2019-04-26 10:21:08.802832485 116.184972 39.863689 69.406408 0.829493 -0.181280 168.815582
2019-04-26 10:21:08.902491784 116.184971 39.863686 69.404463 0.796533 -0.192267 168.804596
2019-04-26 10:21:09.103080051 116.184969 39.863678 69.401091 0.774560 -0.175787 168.771637
2019-04-26 10:21:09.202814235 116.184968 39.863675 69.396979 0.780053 -0.120853 168.749649
2019-04-26 10:21:09.302331760 116.184967 39.863671 69.394515 0.763573 -0.120853 168.744156
2019-04-26 10:21:09.402867271 116.184967 39.863668 69.391303 0.736106 -0.098880 168.722183
2019-04-26 10:21:09.502368682 116.184966 39.863664 69.388053 0.703146 -0.082400 168.705704
2019-04-26 10:21:09.601834524 116.184965 39.863661 69.386504 0.692160 -0.109867 168.694717
2019-04-26 10:21:09.701449729 116.184964 39.863657 69.384498 0.719626 -0.087893 168.678238
2019-04-26 10:21:09.802002685 116.184963 39.863654 69.382736 0.719626 -0.098880 168.661758
2019-04-26 10:21:09.902632079 116.184962 39.863651 69.380584 0.703146 -0.098880 168.656265
2019-04-26 10:21:10.002882606 116.184961 39.863647 69.377319 0.681173 -0.032960 168.650772
2019-04-26 10:21:10.101472852 116.184960 39.863644 69.375190 0.664693 -0.027467 168.634293
2019-04-26 10:21:10.201915145 116.184959 39.863640 69.373100 0.686666 -0.032960 168.623306
2019-04-26 10:21:10.302693342 116.184958 39.863637 69.369331 0.708640 0.071413 168.606827
2019-04-26 10:21:10.402603111 116.184957 39.863633 69.367165 0.681173 0.093387 168.606827
2019-04-26 10:21:10.502750660 116.184956 39.863630 69.365593 0.670186 0.104373 168.601334
2019-04-26 10:21:10.601333139 116.184955 39.863626 69.362961 0.675680 0.192267 168.584854
2019-04-26 10:21:10.702181859 116.184954 39.863623 69.361397 0.697653 0.208747 168.579361
2019-04-26 10:21:10.802387128 116.184953 39.863619 69.360566 0.675680 0.186773 168.568375
2019-04-26 10:21:10.901543073 116.184952 39.863615 69.359505 0.714133 0.236213 168.557388
2019-04-26 10:21:11.001654737 116.184951 39.863612 69.360001 0.774560 0.203253 168.557388
2019-04-26 10:21:11.102824245 116.184950 39.863608 69.360078 0.780053 0.203253 168.535416
2019-04-26 10:21:11.202225051 116.184949 39.863605 69.358796 0.796533 0.252693 168.529922
2019-04-26 10:21:11.301688249 116.184948 39.863601 69.359162 0.769066 0.159307 168.524429
2019-04-26 10:21:11.501983098 116.184946 39.863594 69.357179 0.769066 0.208747 168.502457
2019-04-26 10:21:11.602051968 116.184945 39.863590 69.355958 0.818506 0.181280 168.507950
2019-04-26 10:21:11.702753694 116.184945 39.863587 69.355035 0.818506 0.203253 168.485977
2019-04-26 10:21:11.802480982 116.184944 39.863583 69.355630 0.824000 0.175787 168.469498
2019-04-26 10:21:11.903313031 116.184943 39.863579 69.354646 0.813013 0.164800 168.469498
2019-04-26 10:21:12.001344939 116.184942 39.863576 69.353074 0.851466 0.192267 168.464005
2019-04-26 10:21:12.202378092 116.184939 39.863569 69.352021 0.845973 0.104373 168.447525
2019-04-26 10:21:12.302492076 116.184938 39.863565 69.351114 0.829493 0.109867 168.436539
2019-04-26 10:21:12.401558774 116.184937 39.863561 69.350557 0.845973 0.065920 168.425552
2019-04-26 10:21:12.502628197 116.184936 39.863558 69.349679 0.856960 0.032960 168.409073
2019-04-26 10:21:12.601848448 116.184935 39.863554 69.348779 0.867946 0.027467 168.381607
2019-04-26 10:21:12.702345127 116.184934 39.863550 69.347742 0.824000 -0.021973 168.326675
2019-04-26 10:21:12.801911563 116.184933 39.863547 69.345018 0.824000 -0.005493 168.233276
2019-04-26 10:21:12.902145071 116.184932 39.863543 69.343042 0.834986 0.000000 168.106934
2019-04-26 10:21:13.002092621 116.184931 39.863539 69.340898 0.884426 -0.010987 167.953125
2019-04-26 10:21:13.102836886 116.184930 39.863535 69.338373 0.867946 -0.010987 167.810303
2019-04-26 10:21:13.202736332 116.184929 39.863532 69.336405 0.862453 -0.038453 167.678452
2019-04-26 10:21:13.302433078 116.184928 39.863528 69.334223 0.867946 -0.054933 167.535629
2019-04-26 10:21:13.401764285 116.184927 39.863524 69.330996 0.878933 -0.027467 167.392807
2019-04-26 10:21:13.502357603 116.184926 39.863521 69.328601 0.889920 -0.038453 167.249969
2019-04-26 10:21:13.602978546 116.184925 39.863517 69.327014 0.900906 -0.076907 167.107147
2019-04-26 10:21:13.701603312 116.184924 39.863513 69.323985 0.878933 -0.010987 166.964325
2019-04-26 10:21:13.801621765 116.184922 39.863509 69.321239 0.895413 -0.016480 166.826996
2019-04-26 10:21:13.902920689 116.184921 39.863505 69.318576 0.928373 -0.049440 166.684158
2019-04-26 10:21:14.001420895 116.184920 39.863502 69.316120 0.939360 -0.027467 166.535843
2019-04-26 10:21:14.101935089 116.184919 39.863498 69.314205 0.917386 -0.049440 166.398514
2019-04-26 10:21:14.203152101 116.184918 39.863494 69.311375 0.911893 -0.054933 166.261185
2019-04-26 10:21:14.302454047 116.184916 39.863490 69.309948 0.917386 -0.065920 166.118347
2019-04-26 10:21:14.403843016 116.184915 39.863487 69.307964 0.966826 -0.093387 165.981018
2019-04-26 10:21:14.501618408 116.184914 39.863483 69.304730 0.950346 -0.082400 165.849182
2019-04-26 10:21:14.602893763 116.184913 39.863479 69.302037 0.900906 -0.065920 165.722824
2019-04-26 10:21:14.702403899 116.184911 39.863475 69.299634 0.889920 -0.082400 165.596481
2019-04-26 10:21:14.801830078 116.184910 39.863472 69.296651 0.922880 -0.076907 165.470139
2019-04-26 10:21:14.902235664 116.184909 39.863468 69.294278 0.933866 -0.093387 165.349289
2019-04-26 10:21:15.002064444 116.184907 39.863464 69.291989 0.911893 -0.104373 165.239410
2019-04-26 10:21:15.102953349 116.184906 39.863461 69.289441 0.895413 -0.093387 165.140533
2019-04-26 10:21:15.203028815 116.184905 39.863457 69.287824 0.873440 -0.142827 165.047150
2019-04-26 10:21:15.301774803 116.184904 39.863453 69.284879 0.895413 -0.153813 164.964752
2019-04-26 10:21:15.401442818 116.184902 39.863450 69.281858 0.889920 -0.131840 164.909821
2019-04-26 10:21:15.502532588 116.184901 39.863446 69.278829 0.900906 -0.126347 164.854889
2019-04-26 10:21:15.603290422 116.184900 39.863442 69.276129 0.873440 -0.142827 164.799957
2019-04-26 10:21:15.702621715 116.184898 39.863439 69.273314 0.867946 -0.142827 164.766998
2019-04-26 10:21:15.801565213 116.184897 39.863435 69.270682 0.845973 -0.164800 164.766998
2019-04-26 10:21:15.901851882 116.184896 39.863432 69.267760 0.829493 -0.159307 164.788971
2019-04-26 10:21:16.002413058 116.184894 39.863428 69.265036 0.796533 -0.164800 164.810944
2019-04-26 10:21:16.101950902 116.184893 39.863424 69.263244 0.802026 -0.203253 164.838409
2019-04-26 10:21:16.202657807 116.184892 39.863421 69.260184 0.791040 -0.175787 164.871368
2019-04-26 10:21:16.303410905 116.184891 39.863417 69.257018 0.780053 -0.181280 164.909821
2019-04-26 10:21:16.402967200 116.184889 39.863414 69.253097 0.763573 -0.148320 164.953766
2019-04-26 10:21:16.501248383 116.184888 39.863410 69.250221 0.791040 -0.148320 164.997711
2019-04-26 10:21:16.603162092 116.184887 39.863407 69.247261 0.769066 -0.159307 165.047150
2019-04-26 10:21:16.703008457 116.184886 39.863403 69.242920 0.719626 -0.120853 165.107574
2019-04-26 10:21:16.803011278 116.184884 39.863400 69.240815 0.708640 -0.159307 165.173492
2019-04-26 10:21:16.902058523 116.184883 39.863396 69.238923 0.725120 -0.186773 165.239410
2019-04-26 10:21:17.002922434 116.184882 39.863393 69.236268 0.736106 -0.153813 165.305344
2019-04-26 10:21:17.101945115 116.184881 39.863389 69.234185 0.736106 -0.175787 165.387741
2019-04-26 10:21:17.201803946 116.184879 39.863386 69.231133 0.714133 -0.175787 165.475632
2019-04-26 10:21:17.301838244 116.184878 39.863382 69.228585 0.736106 -0.148320 165.547043
2019-04-26 10:21:17.402438907 116.184877 39.863379 69.225999 0.730613 -0.148320 165.629440
2019-04-26 10:21:17.602349317 116.184874 39.863372 69.219972 0.813013 -0.137333 165.805237
2019-04-26 10:21:17.701676442 116.184873 39.863368 69.218057 0.791040 -0.159307 165.893127
2019-04-26 10:21:17.802486982 116.184872 39.863365 69.215883 0.774560 -0.142827 165.986511
2019-04-26 10:21:17.903024021 116.184871 39.863361 69.214396 0.763573 -0.181280 166.090881
2019-04-26 10:21:18.003039567 116.184870 39.863358 69.212481 0.774560 -0.170293 166.178772
2019-04-26 10:21:18.102788508 116.184869 39.863354 69.211237 0.785546 -0.192267 166.272171
2019-04-26 10:21:18.202367231 116.184867 39.863351 69.208514 0.791040 -0.258187 166.376541
2019-04-26 10:21:18.301580485 116.184866 39.863347 69.204364 0.802026 -0.208747 166.475418
2019-04-26 10:21:18.403515358 116.184865 39.863344 69.201762 0.796533 -0.225227 166.568802
2019-04-26 10:21:18.502889158 116.184864 39.863340 69.198825 0.796533 -0.291147 166.667679
2019-04-26 10:21:18.601871156 116.184863 39.863337 69.195331 0.813013 -0.258187 166.766571
2019-04-26 10:21:18.703229997 116.184862 39.863333 69.193485 0.829493 -0.307627 166.859955
2019-04-26 10:21:18.801782948 116.184861 39.863330 69.189846 0.785546 -0.307627 166.958832
2019-04-26 10:21:18.902729113 116.184860 39.863326 69.185902 0.796533 -0.274667 167.063202
2019-04-26 10:21:19.002432321 116.184859 39.863323 69.183788 0.785546 -0.307627 167.162079
2019-04-26 10:21:19.102334379 116.184858 39.863319 69.179989 0.774560 -0.285653 167.255478
2019-04-26 10:21:19.202108754 116.184857 39.863316 69.175618 0.824000 -0.269173 167.354355
2019-04-26 10:21:19.301607100 116.184856 39.863313 69.170567 0.785546 -0.219733 167.458725
2019-04-26 10:21:19.401550049 116.184854 39.863309 69.165715 0.796533 -0.175787 167.552109
2019-04-26 10:21:19.501681698 116.184853 39.863306 69.163274 0.791040 -0.236213 167.656479
2019-04-26 10:21:19.601720595 116.184852 39.863302 69.159399 0.796533 -0.192267 167.760864
2019-04-26 10:21:19.701891272 116.184851 39.863299 69.155660 0.785546 -0.175787 167.843262
2019-04-26 10:21:19.802492487 116.184850 39.863295 69.152212 0.752586 -0.186773 167.942139
2019-04-26 10:21:19.902137338 116.184849 39.863291 69.149428 0.752586 -0.153813 168.035522
2019-04-26 10:21:20.001565336 116.184848 39.863288 69.147177 0.769066 -0.164800 168.112427
2019-04-26 10:21:20.102801384 116.184847 39.863284 69.143057 0.730613 -0.120853 168.194824
2019-04-26 10:21:20.201627637 116.184846 39.863281 69.139815 0.730613 -0.087893 168.255264
2019-04-26 10:21:20.301764592 116.184845 39.863277 69.136832 0.719626 -0.043947 168.310196
2019-04-26 10:21:20.402722611 116.184844 39.863274 69.132476 0.725120 -0.005493 168.359634
2019-04-26 10:21:20.502097165 116.184843 39.863270 69.130279 0.747093 -0.005493 168.365128
2019-04-26 10:21:20.601435081 116.184842 39.863266 69.127945 0.741600 0.000000 168.370621
2019-04-26 10:21:20.702033864 116.184841 39.863263 69.125091 0.725120 0.027467 168.403580
2019-04-26 10:21:20.802016577 116.184840 39.863259 69.123215 0.752586 -0.005493 168.420059
2019-04-26 10:21:20.902868465 116.184839 39.863256 69.123466 0.736106 -0.104373 168.436539
2019-04-26 10:21:21.002760100 116.184838 39.863252 69.121521 0.774560 -0.104373 168.453018
2019-04-26 10:21:21.102282737 116.184837 39.863248 69.120209 0.785546 -0.137333 168.469498
2019-04-26 10:21:21.201434995 116.184836 39.863244 69.118744 0.774560 -0.181280 168.491470
2019-04-26 10:21:21.301610323 116.184835 39.863241 69.117020 0.802026 -0.175787 168.507950
2019-04-26 10:21:21.401427778 116.184834 39.863237 69.114884 0.829493 -0.203253 168.529922
2019-04-26 10:21:21.502776068 116.184833 39.863233 69.110787 0.813013 -0.148320 168.551895
2019-04-26 10:21:21.601539598 116.184832 39.863230 69.107110 0.785546 -0.076907 168.557388
2019-04-26 10:21:21.701849491 116.184831 39.863226 69.105248 0.747093 -0.120853 168.595840
2019-04-26 10:21:21.802889576 116.184830 39.863222 69.102540 0.741600 -0.120853 168.623306
2019-04-26 10:21:21.903040849 116.184829 39.863218 69.100343 0.780053 -0.126347 168.634293
2019-04-26 10:21:22.001473650 116.184828 39.863215 69.098138 0.813013 -0.181280 168.645279
2019-04-26 10:21:22.102897179 116.184827 39.863211 69.096513 0.785546 -0.208747 168.661758
2019-04-26 10:21:22.202171109 116.184826 39.863207 69.095415 0.752586 -0.241707 168.683731
2019-04-26 10:21:22.301739566 116.184825 39.863203 69.093157 0.769066 -0.285653 168.694717
2019-04-26 10:21:22.401764710 116.184824 39.863200 69.089624 0.758080 -0.274667 168.705704
2019-04-26 10:21:22.502192598 116.184823 39.863196 69.085894 0.769066 -0.247200 168.716690
2019-04-26 10:21:22.601677886 116.184822 39.863192 69.081698 0.747093 -0.203253 168.738663
2019-04-26 10:21:22.701596006 116.184821 39.863188 69.077052 0.719626 -0.131840 168.749649
2019-04-26 10:21:22.803229626 116.184820 39.863185 69.073375 0.714133 -0.093387 168.755157
2019-04-26 10:21:22.901843872 116.184819 39.863181 69.070094 0.714133 -0.076907 168.777130
2019-04-26 10:21:23.002830879 116.184818 39.863177 69.066989 0.725120 -0.049440 168.788116
2019-04-26 10:21:23.102055918 116.184817 39.863174 69.064716 0.763573 -0.049440 168.799103
2019-04-26 10:21:23.202499487 116.184816 39.863170 69.062336 0.741600 -0.049440 168.810089
2019-04-26 10:21:23.303198674 116.184815 39.863166 69.060741 0.708640 -0.065920 168.821075
2019-04-26 10:21:23.402184136 116.184814 39.863162 69.059406 0.659200 -0.109867 168.832062
2019-04-26 10:21:23.502695728 116.184813 39.863159 69.057041 0.670186 -0.093387 168.832062
2019-04-26 10:21:23.602728235 116.184812 39.863155 69.055248 0.670186 -0.120853 168.837555
2019-04-26 10:21:23.703005393 116.184811 39.863151 69.052868 0.697653 -0.159307 168.832062
2019-04-26 10:21:23.803012320 116.184810 39.863147 69.050580 0.648213 -0.164800 168.832062
2019-04-26 10:21:23.902978602 116.184809 39.863144 69.048566 0.642720 -0.197760 168.826569
2019-04-26 10:21:24.001367989 116.184808 39.863140 69.045850 0.609760 -0.219733 168.821075
2019-04-26 10:21:24.102349639 116.184807 39.863136 69.043988 0.604266 -0.258187 168.810089
2019-04-26 10:21:24.202415670 116.184806 39.863132 69.041051 0.620746 -0.296640 168.815582
2019-04-26 10:21:24.302222854 116.184805 39.863128 69.037099 0.648213 -0.285653 168.804596
2019-04-26 10:21:24.401920253 116.184804 39.863125 69.033338 0.620746 -0.241707 168.788116
2019-04-26 10:21:24.501964965 116.184803 39.863121 69.030210 0.587786 -0.280160 168.782623
2019-04-26 10:21:24.602155699 116.184802 39.863117 69.026228 0.560320 -0.296640 168.749649
2019-04-26 10:21:24.702077516 116.184801 39.863113 69.022223 0.543840 -0.269173 168.689224
2019-04-26 10:21:24.803352622 116.184800 39.863109 69.018218 0.521867 -0.247200 168.606827
2019-04-26 10:21:24.902249179 116.184799 39.863106 69.014952 0.499893 -0.291147 168.507950
2019-04-26 10:21:25.003040514 116.184798 39.863102 69.012885 0.488907 -0.296640 168.359634
2019-04-26 10:21:25.102642943 116.184797 39.863098 69.009772 0.433973 -0.280160 168.161865
2019-04-26 10:21:25.201678215 116.184796 39.863094 69.005622 0.422987 -0.291147 167.914673
2019-04-26 10:21:25.301445753 116.184795 39.863091 69.001617 0.368053 -0.247200 167.639999
2019-04-26 10:21:25.402202212 116.184794 39.863087 68.999267 0.307627 -0.280160 167.321396
2019-04-26 10:21:25.502452905 116.184793 39.863083 68.995392 0.291147 -0.313120 166.969818
2019-04-26 10:21:25.601672701 116.184791 39.863079 68.990952 0.230720 -0.247200 166.590775
2019-04-26 10:21:25.702514209 116.184790 39.863076 68.988816 0.230720 -0.230720 166.173279
2019-04-26 10:21:25.801544723 116.184789 39.863072 68.985253 0.291147 -0.175787 165.717331
2019-04-26 10:21:25.901601711 116.184788 39.863068 68.981728 0.318613 -0.115360 165.222931
2019-04-26 10:21:26.002112603 116.184787 39.863064 68.979112 0.241707 -0.153813 164.706558
2019-04-26 10:21:26.102294363 116.184785 39.863061 68.975023 0.164800 -0.120853 164.184692
2019-04-26 10:21:26.203112314 116.184784 39.863057 68.970781 0.115360 -0.082400 163.646347
2019-04-26 10:21:26.301493125 116.184782 39.863053 68.969347 0.126347 -0.142827 163.036591
2019-04-26 10:21:26.401887438 116.184781 39.863050 68.968569 0.181280 -0.175787 162.399368
2019-04-26 10:21:26.502691814 116.184779 39.863046 68.966593 0.137333 -0.192267 161.740158
2019-04-26 10:21:26.601801045 116.184778 39.863042 68.963801 0.071413 -0.225227 161.004059
2019-04-26 10:21:26.701680846 116.184776 39.863038 68.961092 -0.016480 -0.247200 160.174561
2019-04-26 10:21:26.802535528 116.184774 39.863035 68.958071 -0.043947 -0.263680 159.262680
2019-04-26 10:21:26.901873419 116.184773 39.863031 68.954798 -0.038453 -0.302133 158.235413
2019-04-26 10:21:27.001720326 116.184771 39.863027 68.951991 -0.104373 -0.280160 157.114777
2019-04-26 10:21:27.103142316 116.184769 39.863024 68.949649 -0.175787 -0.318613 155.950195
2019-04-26 10:21:27.201672476 116.184766 39.863020 68.945728 -0.175787 -0.373547 154.802094
2019-04-26 10:21:27.302229463 116.184764 39.863017 68.941555 -0.159307 -0.357067 153.637497
2019-04-26 10:21:27.401281951 116.184762 39.863013 68.937687 -0.159307 -0.296640 152.439957
2019-04-26 10:21:27.501986376 116.184760 39.863009 68.934063 -0.230720 -0.296640 151.209442
2019-04-26 10:21:27.601377975 116.184757 39.863006 68.930950 -0.219733 -0.329600 149.973450
2019-04-26 10:21:27.701878006 116.184754 39.863002 68.926373 -0.219733 -0.285653 148.726456
2019-04-26 10:21:27.802820327 116.184752 39.862999 68.921529 -0.203253 -0.291147 147.452011
2019-04-26 10:21:27.903137919 116.184749 39.862996 68.918180 -0.219733 -0.302133 146.117126
2019-04-26 10:21:28.002322790 116.184746 39.862992 68.917462 -0.230720 -0.390027 144.749283
2019-04-26 10:21:28.102366901 116.184743 39.862989 68.915418 -0.302133 -0.412000 143.381454
2019-04-26 10:21:28.202028764 116.184740 39.862986 68.912115 -0.324107 -0.433973 142.030090
2019-04-26 10:21:28.302116263 116.184737 39.862983 68.908025 -0.219733 -0.483413 140.667740
2019-04-26 10:21:28.401389458 116.184734 39.862980 68.903669 -0.247200 -0.433973 139.266953
2019-04-26 10:21:28.502297036 116.184731 39.862977 68.899328 -0.302133 -0.329600 137.844177
2019-04-26 10:21:28.601862626 116.184727 39.862974 68.894034 -0.379040 -0.247200 136.421402
2019-04-26 10:21:28.702161114 116.184724 39.862972 68.889724 -0.439467 -0.131840 134.943695
2019-04-26 10:21:28.803071859 116.184720 39.862969 68.886298 -0.499893 -0.071413 133.471481
2019-04-26 10:21:28.851790462 116.184719 39.862968 68.884177 -0.422987 -0.049440 132.735367
2019-04-26 10:21:29.002200056 116.184713 39.862964 68.877754 -0.280160 0.016480 130.560013
2019-04-26 10:21:29.052214618 116.184712 39.862963 68.876976 -0.280160 0.032960 129.823914
2019-04-26 10:21:29.201618783 116.184706 39.862959 68.876259 -0.318613 0.038453 127.643059
2019-04-26 10:21:29.251534445 116.184704 39.862958 68.876259 -0.313120 0.000000 126.917938
2019-04-26 10:21:29.402257091 116.184699 39.862955 68.878509 -0.384533 -0.137333 124.698631
2019-04-26 10:21:29.453103806 116.184697 39.862954 68.878280 -0.401013 -0.120853 123.984497
2019-04-26 10:21:29.553154501 116.184693 39.862952 68.875503 -0.357067 -0.065920 122.556229
2019-04-26 10:21:29.653344709 116.184689 39.862950 68.872391 -0.351573 -0.049440 121.073029
2019-04-26 10:21:29.802010781 116.184683 39.862947 68.870949 -0.368053 0.076907 118.892181
2019-04-26 10:21:29.852887371 116.184681 39.862947 68.870003 -0.351573 0.093387 118.178047
2019-04-26 10:21:29.953238957 116.184677 39.862945 68.865631 -0.401013 0.137333 116.727806
2019-04-26 10:21:30.052530207 116.184673 39.862943 68.862389 -0.368053 0.175787 115.255592
2019-04-26 10:21:30.152780918 116.184669 39.862942 68.862115 -0.318613 0.241707 113.838310
2019-04-26 10:21:30.252382161 116.184665 39.862941 68.860604 -0.186773 0.307627 112.410049
2019-04-26 10:21:30.351785042 116.184661 39.862939 68.860635 -0.120853 0.285653 110.981781
2019-04-26 10:21:30.451349794 116.184657 39.862938 68.863167 -0.027467 0.252693 109.591965
2019-04-26 10:21:30.551883419 116.184653 39.862937 68.863549 0.032960 0.236213 108.174690
2019-04-26 10:21:30.653080192 116.184649 39.862936 68.861466 -0.093387 0.258187 106.735435
2019-04-26 10:21:30.751681753 116.184645 39.862935 68.859368 -0.175787 0.307627 105.340126
2019-04-26 10:21:30.852810688 116.184641 39.862934 68.859338 -0.126347 0.351573 104.016235
2019-04-26 10:21:30.951746722 116.184636 39.862933 68.860337 -0.005493 0.340587 102.598953
2019-04-26 10:21:31.051821913 116.184632 39.862933 68.863190 0.010987 0.263680 101.170692
2019-04-26 10:21:31.152966037 116.184628 39.862932 68.863862 -0.032960 0.280160 99.797356
2019-04-26 10:21:31.252453738 116.184623 39.862931 68.861626 -0.032960 0.357067 98.413040
2019-04-26 10:21:31.351520948 116.184619 39.862931 68.860154 0.021973 0.401013 97.012238
2019-04-26 10:21:31.453255703 116.184615 39.862931 68.860657 0.065920 0.466933 95.616928
2019-04-26 10:21:31.552110708 116.184611 39.862930 68.863434 0.115360 0.428480 94.221626
2019-04-26 10:21:31.651349427 116.184606 39.862930 68.865204 0.164800 0.379040 92.826317
2019-04-26 10:21:31.752984618 116.184602 39.862930 68.864975 0.197760 0.422987 91.431015
2019-04-26 10:21:31.852497594 116.184598 39.862930 68.866150 0.192267 0.390027 90.052185
2019-04-26 10:21:31.951974883 116.184593 39.862930 68.866791 0.230720 0.379040 88.695335
2019-04-26 10:21:32.052178186 116.184589 39.862930 68.868309 0.236213 0.379040 87.382431
2019-04-26 10:21:32.151414840 116.184585 39.862930 68.871704 0.280160 0.280160 86.129951
2019-04-26 10:21:32.251368683 116.184580 39.862930 68.873741 0.269173 0.241707 84.937897
2019-04-26 10:21:32.352416398 116.184576 39.862930 68.874916 0.269173 0.241707 83.817253
2019-04-26 10:21:32.452883355 116.184572 39.862931 68.875511 0.252693 0.241707 82.751549
2019-04-26 10:21:32.551860875 116.184568 39.862931 68.874840 0.236213 0.302133 81.724297
2019-04-26 10:21:32.652510424 116.184563 39.862932 68.876671 0.307627 0.247200 80.746483
2019-04-26 10:21:32.751743035 116.184559 39.862932 68.877990 0.285653 0.252693 79.801628
2019-04-26 10:21:32.853317406 116.184555 39.862933 68.878151 0.324107 0.274667 78.878754
2019-04-26 10:21:32.952476068 116.184551 39.862933 68.878074 0.335093 0.225227 78.010803
2019-04-26 10:21:33.052956184 116.184547 39.862934 68.877922 0.329600 0.225227 77.148354
2019-04-26 10:21:33.151958242 116.184542 39.862935 68.878395 0.291147 0.247200 76.324348
2019-04-26 10:21:33.251490704 116.184538 39.862936 68.879898 0.263680 0.197760 75.533310
2019-04-26 10:21:33.352258982 116.184534 39.862937 68.880508 0.269173 0.186773 74.736778
2019-04-26 10:21:33.452830711 116.184529 39.862938 68.881187 0.280160 0.214240 73.978699
2019-04-26 10:21:33.551512205 116.184525 39.862939 68.881439 0.329600 0.197760 73.259071
2019-04-26 10:21:33.651668107 116.184521 39.862940 68.880744 0.324107 0.203253 72.555923
2019-04-26 10:21:33.752501056 116.184517 39.862941 68.880493 0.318613 0.225227 71.863762
2019-04-26 10:21:33.853182635 116.184512 39.862942 68.880844 0.318613 0.214240 71.221046
2019-04-26 10:21:33.953227687 116.184508 39.862943 68.880813 0.357067 0.208747 70.605789
2019-04-26 10:21:34.051820011 116.184503 39.862944 68.881065 0.390027 0.219733 70.034485
2019-04-26 10:21:34.151687114 116.184499 39.862945 68.881538 0.401013 0.214240 69.540085
2019-04-26 10:21:34.251839497 116.184495 39.862947 68.881622 0.461440 0.203253 69.100616
2019-04-26 10:21:34.351979947 116.184490 39.862948 68.881126 0.450453 0.225227 68.705101
2019-04-26 10:21:34.451766478 116.184486 39.862949 68.880973 0.450453 0.219733 68.342537
2019-04-26 10:21:34.551563805 116.184481 39.862951 68.880874 0.439467 0.225227 67.996460
2019-04-26 10:21:34.652142293 116.184477 39.862952 68.881004 0.406507 0.236213 67.644890
2019-04-26 10:21:34.751650855 116.184472 39.862954 68.880714 0.422987 0.236213 67.287819
2019-04-26 10:21:34.853321493 116.184468 39.862955 68.880081 0.428480 0.247200 66.941742
2019-04-26 10:21:34.953028193 116.184463 39.862957 68.880233 0.422987 0.241707 66.595657
2019-04-26 10:21:35.051266671 116.184458 39.862958 68.880264 0.428480 0.258187 66.249580
2019-04-26 10:21:35.152157945 116.184454 39.862960 68.879669 0.417493 0.291147 65.908997
2019-04-26 10:21:35.253109348 116.184449 39.862962 68.880187 0.390027 0.252693 65.579391
2019-04-26 10:21:35.352056777 116.184444 39.862963 68.879623 0.390027 0.296640 65.255287
2019-04-26 10:21:35.452906230 116.184439 39.862965 68.879554 0.362560 0.313120 64.942169
2019-04-26 10:21:35.552476653 116.184434 39.862967 68.879417 0.351573 0.307627 64.667503
2019-04-26 10:21:35.652472570 116.184429 39.862969 68.880454 0.362560 0.307627 64.436783
2019-04-26 10:21:35.752387861 116.184424 39.862970 68.881278 0.384533 0.296640 64.255501
2019-04-26 10:21:35.851348982 116.184419 39.862972 68.881828 0.373547 0.263680 64.107178
2019-04-26 10:21:35.952762567 116.184415 39.862974 68.882972 0.335093 0.241707 63.975342
2019-04-26 10:21:36.052384047 116.184410 39.862976 68.883750 0.296640 0.230720 63.865475
2019-04-26 10:21:36.152732748 116.184404 39.862978 68.884223 0.329600 0.252693 63.766594
2019-04-26 10:21:36.251374887 116.184399 39.862980 68.885329 0.335093 0.280160 63.678699
2019-04-26 10:21:36.351480958 116.184394 39.862982 68.885741 0.313120 0.296640 63.596302
2019-04-26 10:21:36.451460597 116.184389 39.862984 68.885650 0.318613 0.313120 63.508408
2019-04-26 10:21:36.551624774 116.184384 39.862986 68.885093 0.357067 0.368053 63.420513
2019-04-26 10:21:36.652080147 116.184379 39.862988 68.886169 0.373547 0.351573 63.332623
2019-04-26 10:21:36.751684943 116.184374 39.862990 68.888465 0.373547 0.307627 63.266701
2019-04-26 10:21:36.853041827 116.184369 39.862992 68.890487 0.373547 0.329600 63.195290
2019-04-26 10:21:36.951757680 116.184364 39.862994 68.892134 0.395520 0.285653 63.134861
2019-04-26 10:21:37.052344871 116.184359 39.862996 68.892928 0.395520 0.291147 63.079929
2019-04-26 10:21:37.152612702 116.184354 39.862998 68.894660 0.346080 0.274667 63.024994
2019-04-26 10:21:37.251463227 116.184349 39.863000 68.896353 0.335093 0.186773 62.970062
2019-04-26 10:21:37.352085922 116.184345 39.863002 68.897421 0.329600 0.159307 62.920620
2019-04-26 10:21:37.451261963 116.184340 39.863003 68.898657 0.351573 0.131840 62.865688
2019-04-26 10:21:37.551718975 116.184335 39.863005 68.900862 0.329600 0.038453 62.810753
2019-04-26 10:21:37.652585526 116.184330 39.863007 68.901289 0.324107 0.038453 62.755821
2019-04-26 10:21:37.751478875 116.184325 39.863009 68.901403 0.324107 0.016480 62.706383
2019-04-26 10:21:37.851965245 116.184321 39.863011 68.900084 0.335093 0.005493 62.651447
2019-04-26 10:21:37.953264440 116.184316 39.863013 68.899008 0.351573 0.049440 62.612995
2019-04-26 10:21:38.052980251 116.184311 39.863015 68.897780 0.335093 0.060427 62.596516
2019-04-26 10:21:38.153048607 116.184306 39.863017 68.897017 0.302133 0.027467 62.585529
2019-04-26 10:21:38.251417691 116.184302 39.863019 68.895644 0.335093 0.054933 62.563557
2019-04-26 10:21:38.352502706 116.184297 39.863021 68.894370 0.313120 0.049440 62.552567
2019-04-26 10:21:38.451514744 116.184292 39.863023 68.893202 0.274667 0.032960 62.547073
2019-04-26 10:21:38.552948666 116.184288 39.863025 68.893004 0.280160 0.021973 62.541580
2019-04-26 10:21:38.652994042 116.184283 39.863026 68.892165 0.263680 0.010987 62.530594
2019-04-26 10:21:38.752299866 116.184278 39.863028 68.891196 0.252693 0.010987 62.514114
2019-04-26 10:21:38.851898654 116.184273 39.863030 68.890212 0.225227 0.000000 62.514114
2019-04-26 10:21:38.951507321 116.184269 39.863032 68.889151 0.230720 -0.032960 62.503128
2019-04-26 10:21:39.052104760 116.184264 39.863034 68.887481 0.203253 -0.005493 62.486649
2019-04-26 10:21:39.153021350 116.184259 39.863036 68.886695 0.181280 -0.038453 62.475662
2019-04-26 10:21:39.253480594 116.184254 39.863038 68.884956 0.142827 -0.043947 62.470169
2019-04-26 10:21:39.351486747 116.184250 39.863040 68.884254 0.131840 -0.060427 62.464676
2019-04-26 10:21:39.453190664 116.184245 39.863042 68.882339 0.153813 -0.065920 62.459183
2019-04-26 10:21:39.551842353 116.184240 39.863044 68.880241 0.170293 -0.087893 62.442703
2019-04-26 10:21:39.651591298 116.184236 39.863045 68.878875 0.115360 -0.065920 62.431713
2019-04-26 10:21:39.751693918 116.184231 39.863047 68.877128 0.093387 -0.032960 62.420727
2019-04-26 10:21:39.852089030 116.184227 39.863049 68.874748 0.087893 0.000000 62.420727
2019-04-26 10:21:39.953267996 116.184223 39.863051 68.873176 0.104373 0.010987 62.398754
2019-04-26 10:21:40.052194835 116.184218 39.863053 68.872070 0.115360 0.010987 62.387768
2019-04-26 10:21:40.152518476 116.184214 39.863055 68.869126 0.109867 0.065920 62.382275
2019-04-26 10:21:40.252374485 116.184209 39.863056 68.867493 0.093387 0.060427 62.371288
2019-04-26 10:21:40.351410223 116.184205 39.863058 68.866623 0.115360 0.043947 62.354809
2019-04-26 10:21:40.452152425 116.184201 39.863060 68.865944 0.126347 0.038453 62.343822
2019-04-26 10:21:40.553462122 116.184196 39.863062 68.865357 0.115360 0.005493 62.332836
2019-04-26 10:21:40.653243263 116.184192 39.863063 68.863747 0.164800 0.016480 62.327343
2019-04-26 10:21:40.751652267 116.184188 39.863065 68.863312 0.296640 0.005493 62.321850
2019-04-26 10:21:40.851966372 116.184183 39.863067 68.862542 0.368053 -0.038453 62.294380
2019-04-26 10:21:40.952147946 116.184179 39.863069 68.861077 0.428480 -0.054933 62.272408
2019-04-26 10:21:41.053049795 116.184175 39.863070 68.859689 0.368053 -0.016480 62.272408
2019-04-26 10:21:41.153160279 116.184171 39.863072 68.857934 0.357067 -0.005493 62.272408
2019-04-26 10:21:41.251956583 116.184166 39.863074 68.855615 0.390027 0.000000 62.272408
2019-04-26 10:21:41.352779227 116.184162 39.863076 68.853311 0.357067 -0.005493 62.261421
2019-04-26 10:21:41.452984199 116.184158 39.863077 68.850557 0.340587 0.038453 62.283394
2019-04-26 10:21:41.551259467 116.184154 39.863079 68.847620 0.329600 0.054933 62.305367
2019-04-26 10:21:41.651847777 116.184150 39.863081 68.846658 0.280160 0.016480 62.321850
2019-04-26 10:21:41.752774130 116.184145 39.863083 68.845033 0.258187 0.032960 62.321850
2019-04-26 10:21:41.853325744 116.184141 39.863084 68.844293 0.302133 0.000000 62.338329
2019-04-26 10:21:41.952942250 116.184137 39.863086 68.842638 0.252693 -0.016480 62.360302
2019-04-26 10:21:42.051991834 116.184133 39.863087 68.841425 0.258187 -0.005493 62.354809
2019-04-26 10:21:42.152962279 116.184129 39.863089 68.839975 0.214240 -0.016480 62.376781
2019-04-26 10:21:42.251489825 116.184125 39.863091 68.835284 0.230720 0.010987 62.376781
2019-04-26 10:21:42.351944236 116.184121 39.863093 68.831667 0.230720 0.021973 62.382275
2019-04-26 10:21:42.452397932 116.184117 39.863094 68.831233 0.236213 -0.065920 62.398754
2019-04-26 10:21:42.551745031 116.184112 39.863096 68.828700 0.208747 -0.038453 62.404247
2019-04-26 10:21:42.651621963 116.184108 39.863098 68.825557 0.186773 -0.027467 62.420727
2019-04-26 10:21:42.751340827 116.184104 39.863099 68.824100 0.219733 -0.104373 62.437206
2019-04-26 10:21:42.851989233 116.184100 39.863101 68.822223 0.214240 -0.093387 62.442703
2019-04-26 10:21:42.951392915 116.184096 39.863103 68.819118 0.208747 -0.082400 62.448196
2019-04-26 10:21:43.052785470 116.184091 39.863104 68.815868 0.208747 -0.098880 62.459183
2019-04-26 10:21:43.152804540 116.184087 39.863106 68.812977 0.181280 -0.093387 62.464676
2019-04-26 10:21:43.251410180 116.184083 39.863108 68.809284 0.197760 -0.076907 62.464676
2019-04-26 10:21:43.353054930 116.184079 39.863110 68.805523 0.181280 -0.071413 62.475662
2019-04-26 10:21:43.453189791 116.184074 39.863112 68.802868 0.159307 -0.054933 62.481155
2019-04-26 10:21:43.552507490 116.184070 39.863113 68.799641 0.170293 -0.043947 62.486649
2019-04-26 10:21:43.652478376 116.184066 39.863115 68.796109 0.159307 -0.043947 62.492142
2019-04-26 10:21:43.752232283 116.184061 39.863117 68.793180 0.137333 -0.027467 62.497635
2019-04-26 10:21:43.852330672 116.184057 39.863118 68.790197 0.137333 0.000000 62.503128
2019-04-26 10:21:43.952481006 116.184052 39.863120 68.787084 0.159307 0.016480 62.503128
2019-04-26 10:21:44.052371954 116.184048 39.863122 68.785177 0.159307 0.005493 62.503128
2019-04-26 10:21:44.152052667 116.184044 39.863124 68.782827 0.175787 0.010987 62.497635
2019-04-26 10:21:44.252506555 116.184039 39.863126 68.779173 0.148320 0.060427 62.508621
2019-04-26 10:21:44.351660324 116.184035 39.863128 68.776594 0.153813 0.060427 62.508621
2019-04-26 10:21:44.452891493 116.184030 39.863129 68.774634 0.153813 0.027467 62.508621
2019-04-26 10:21:44.551712048 116.184026 39.863131 68.772101 0.153813 0.038453 62.508621
2019-04-26 10:21:44.652927423 116.184021 39.863133 68.769934 0.170293 0.049440 62.508621
2019-04-26 10:21:44.752436941 116.184017 39.863135 68.767935 0.159307 0.021973 62.508621
2019-04-26 10:21:44.852798217 116.184012 39.863137 68.766181 0.159307 0.038453 62.497635
2019-04-26 10:21:44.951461694 116.184008 39.863138 68.764754 0.170293 0.027467 62.497635
2019-04-26 10:21:45.051832134 116.184003 39.863140 68.761809 0.208747 0.038453 62.486649
2019-04-26 10:21:45.153216545 116.183999 39.863142 68.759193 0.192267 0.065920 62.475662
2019-04-26 10:21:45.252276125 116.183994 39.863144 68.757552 0.214240 0.060427 62.470169
2019-04-26 10:21:45.452129419 116.183985 39.863148 68.753173 0.263680 0.082400 62.453690
2019-04-26 10:21:45.551658880 116.183981 39.863149 68.751709 0.230720 0.065920 62.448196
2019-04-26 10:21:45.651539552 116.183976 39.863151 68.750267 0.225227 0.038453 62.442703
2019-04-26 10:21:45.752030105 116.183972 39.863153 68.748489 0.236213 0.032960 62.442703
2019-04-26 10:21:45.851734821 116.183967 39.863155 68.746902 0.252693 0.038453 62.442703
2019-04-26 10:21:45.952825567 116.183963 39.863157 68.745750 0.302133 0.010987 62.437206
2019-04-26 10:21:46.051399863 116.183958 39.863158 68.744209 0.307627 0.010987 62.431713
2019-04-26 10:21:46.151419710 116.183954 39.863160 68.742325 0.302133 0.038453 62.420727
2019-04-26 10:21:46.252203495 116.183950 39.863162 68.739403 0.285653 0.032960 62.409740
2019-04-26 10:21:46.352642420 116.183945 39.863164 68.736169 0.280160 0.027467 62.398754
2019-04-26 10:21:46.453063621 116.183941 39.863166 68.734505 0.269173 0.043947 62.393261
2019-04-26 10:21:46.552952195 116.183937 39.863167 68.732133 0.274667 0.043947 62.371288
2019-04-26 10:21:46.652012606 116.183932 39.863169 68.729692 0.274667 0.032960 62.371288
2019-04-26 10:21:46.751268952 116.183928 39.863171 68.728463 0.296640 0.021973 62.365795
2019-04-26 10:21:46.852528962 116.183924 39.863173 68.726869 0.329600 -0.005493 62.343822
2019-04-26 10:21:46.953202620 116.183919 39.863174 68.724031 0.313120 -0.016480 62.332836
2019-04-26 10:21:47.051544054 116.183915 39.863176 68.722032 0.307627 -0.005493 62.327343
2019-04-26 10:21:47.152387712 116.183911 39.863178 68.720133 0.318613 -0.021973 62.310860
2019-04-26 10:21:47.253099833 116.183907 39.863180 68.717348 0.296640 -0.010987 62.299873
2019-04-26 10:21:47.353046202 116.183902 39.863182 68.715670 0.318613 -0.021973 62.288887
2019-04-26 10:21:47.451667188 116.183898 39.863183 68.712725 0.296640 -0.016480 62.277901
2019-04-26 10:21:47.552305936 116.183894 39.863185 68.709292 0.285653 0.000000 62.272408
2019-04-26 10:21:47.652096132 116.183889 39.863187 68.707018 0.324107 0.000000 62.261421
2019-04-26 10:21:47.753068817 116.183885 39.863188 68.704745 0.335093 -0.005493 62.250435
2019-04-26 10:21:47.851709322 116.183881 39.863190 68.702990 0.340587 -0.032960 62.239449
2019-04-26 10:21:47.953039977 116.183877 39.863192 68.700709 0.346080 -0.010987 62.228462
2019-04-26 10:21:48.052521974 116.183872 39.863194 68.699145 0.329600 -0.021973 62.217476
2019-04-26 10:21:48.152514909 116.183868 39.863196 68.696544 0.296640 -0.027467 62.211983
2019-04-26 10:21:48.252899118 116.183864 39.863197 68.694225 0.329600 -0.010987 62.195503
2019-04-26 10:21:48.353180086 116.183860 39.863199 68.692470 0.340587 -0.021973 62.195503
2019-04-26 10:21:48.452288591 116.183856 39.863201 68.689632 0.340587 -0.016480 62.173527
2019-04-26 10:21:48.553130064 116.183851 39.863202 68.687938 0.324107 -0.021973 62.168034
2019-04-26 10:21:48.651527950 116.183847 39.863204 68.686931 0.335093 -0.065920 62.168034
2019-04-26 10:21:48.751363613 116.183843 39.863206 68.684605 0.373547 -0.076907 62.146061
2019-04-26 10:21:48.852051848 116.183839 39.863208 68.682667 0.379040 -0.082400 62.129581
2019-04-26 10:21:48.951830152 116.183834 39.863209 68.681072 0.395520 -0.093387 62.129581
2019-04-26 10:21:49.052993614 116.183830 39.863211 68.678768 0.395520 -0.093387 62.113102
2019-04-26 10:21:49.151490593 116.183826 39.863213 68.676564 0.384533 -0.104373 62.102116
2019-04-26 10:21:49.252115099 116.183822 39.863215 68.673291 0.401013 -0.104373 62.091129
2019-04-26 10:21:49.353019303 116.183818 39.863216 68.669156 0.406507 -0.082400 62.080143
2019-04-26 10:21:49.453193077 116.183813 39.863218 68.666539 0.379040 -0.098880 62.074650
2019-04-26 10:21:49.552016268 116.183809 39.863220 68.663503 0.401013 -0.093387 62.063663
2019-04-26 10:21:49.652145167 116.183805 39.863222 68.660238 0.384533 -0.071413 62.058167
2019-04-26 10:21:49.751868167 116.183800 39.863223 68.657896 0.406507 -0.104373 62.047180
2019-04-26 10:21:49.851687376 116.183796 39.863225 68.654600 0.401013 -0.071413 62.030701
2019-04-26 10:21:49.951568096 116.183792 39.863227 68.651503 0.384533 -0.043947 62.025208
2019-04-26 10:21:50.051422358 116.183787 39.863229 68.648772 0.368053 -0.076907 62.019714
2019-04-26 10:21:50.152606334 116.183783 39.863231 68.645659 0.406507 -0.060427 62.003235
2019-04-26 10:21:50.252269933 116.183779 39.863232 68.642836 0.390027 -0.054933 61.997742
2019-04-26 10:21:50.351837266 116.183775 39.863234 68.639663 0.406507 -0.065920 61.986755
2019-04-26 10:21:50.452342888 116.183770 39.863236 68.636878 0.395520 -0.054933 61.981262
2019-04-26 10:21:50.552614309 116.183766 39.863238 68.634704 0.373547 -0.076907 61.970276
2019-04-26 10:21:50.652107858 116.183761 39.863240 68.631767 0.390027 -0.098880 61.959290
2019-04-26 10:21:50.752645081 116.183757 39.863241 68.628410 0.384533 -0.076907 61.948303
2019-04-26 10:21:50.852969400 116.183752 39.863243 68.626266 0.384533 -0.120853 61.931820
2019-04-26 10:21:50.952208642 116.183748 39.863245 68.623329 0.401013 -0.137333 61.909847
2019-04-26 10:21:51.053146966 116.183743 39.863247 68.621277 0.428480 -0.186773 61.876888
2019-04-26 10:21:51.153026076 116.183739 39.863249 68.618508 0.412000 -0.203253 61.849422
2019-04-26 10:21:51.253023671 116.183735 39.863251 68.614983 0.401013 -0.181280 61.827450
2019-04-26 10:21:51.353069239 116.183730 39.863253 68.612214 0.379040 -0.225227 61.810966
2019-04-26 10:21:51.453397186 116.183726 39.863255 68.608178 0.357067 -0.197760 61.778008
2019-04-26 10:21:51.552799571 116.183721 39.863256 68.604844 0.384533 -0.181280 61.756035
2019-04-26 10:21:51.652470903 116.183717 39.863258 68.600374 0.417493 -0.181280 61.739555
2019-04-26 10:21:51.751997092 116.183712 39.863260 68.596079 0.417493 -0.115360 61.712090
2019-04-26 10:21:51.852604884 116.183708 39.863262 68.593363 0.433973 -0.120853 61.679127
2019-04-26 10:21:51.952685999 116.183703 39.863264 68.589876 0.417493 -0.098880 61.662647
2019-04-26 10:21:52.053185383 116.183698 39.863266 68.586870 0.428480 -0.038453 61.635181
2019-04-26 10:21:52.153186764 116.183694 39.863268 68.583811 0.422987 -0.016480 61.607716
2019-04-26 10:21:52.252356557 116.183690 39.863270 68.580126 0.433973 -0.016480 61.585743
2019-04-26 10:21:52.351372854 116.183685 39.863272 68.577250 0.433973 -0.021973 61.563770
2019-04-26 10:21:52.452974120 116.183681 39.863274 68.574512 0.439467 -0.027467 61.536301
2019-04-26 10:21:52.551535990 116.183676 39.863275 68.572360 0.401013 -0.071413 61.514328
2019-04-26 10:21:52.652881693 116.183671 39.863277 68.570880 0.422987 -0.076907 61.497849
2019-04-26 10:21:52.751672414 116.183667 39.863279 68.569568 0.401013 -0.104373 61.475876
2019-04-26 10:21:52.852948670 116.183662 39.863281 68.566646 0.428480 -0.120853 61.442917
2019-04-26 10:21:52.952922047 116.183657 39.863283 68.563541 0.412000 -0.087893 61.431927
2019-04-26 10:21:53.051533845 116.183653 39.863285 68.560718 0.373547 -0.076907 61.409954
2019-04-26 10:21:53.151380049 116.183649 39.863287 68.556324 0.357067 -0.032960 61.376995
2019-04-26 10:21:53.251344755 116.183644 39.863289 68.553585 0.379040 -0.071413 61.360516
2019-04-26 10:21:53.352728614 116.183639 39.863291 68.550206 0.368053 -0.087893 61.338543
2019-04-26 10:21:53.452840887 116.183635 39.863293 68.546841 0.362560 -0.065920 61.311073
2019-04-26 10:21:53.652184795 116.183626 39.863297 68.541905 0.335093 -0.142827 61.272621
2019-04-26 10:21:53.753166750 116.183621 39.863299 68.539518 0.368053 -0.131840 61.239662
2019-04-26 10:21:53.853162304 116.183616 39.863301 68.536146 0.373547 -0.148320 61.217690
2019-04-26 10:21:53.952293652 116.183612 39.863303 68.532392 0.318613 -0.126347 61.184727
2019-04-26 10:21:54.052279254 116.183608 39.863304 68.529707 0.296640 -0.164800 61.162754
2019-04-26 10:21:54.151263808 116.183604 39.863306 68.526098 0.291147 -0.192267 61.146275
2019-04-26 10:21:54.252216501 116.183599 39.863308 68.522925 0.296640 -0.181280 61.118809
2019-04-26 10:21:54.351388064 116.183595 39.863310 68.520720 0.263680 -0.225227 61.102329
2019-04-26 10:21:54.452436038 116.183590 39.863312 68.517760 0.263680 -0.236213 61.085850
2019-04-26 10:21:54.552156846 116.183586 39.863314 68.515425 0.230720 -0.247200 61.058380
2019-04-26 10:21:54.651436189 116.183581 39.863316 68.511634 0.247200 -0.236213 61.025421
2019-04-26 10:21:54.751774454 116.183577 39.863318 68.507888 0.214240 -0.219733 61.008942
2019-04-26 10:21:54.851352867 116.183573 39.863320 68.504409 0.208747 -0.219733 60.981476
2019-04-26 10:21:54.951936276 116.183568 39.863321 68.500740 0.203253 -0.175787 60.964996
2019-04-26 10:21:55.053076656 116.183564 39.863323 68.497368 0.230720 -0.142827 60.937531
2019-04-26 10:21:55.152103814 116.183560 39.863325 68.494415 0.252693 -0.153813 60.915554
2019-04-26 10:21:55.252171064 116.183556 39.863327 68.490784 0.263680 -0.126347 60.888088
2019-04-26 10:21:55.351626100 116.183551 39.863329 68.488045 0.263680 -0.115360 60.866116
2019-04-26 10:21:55.452265151 116.183547 39.863331 68.484467 0.230720 -0.104373 60.849636
2019-04-26 10:21:55.552210667 116.183543 39.863333 68.482194 0.236213 -0.115360 60.822170
2019-04-26 10:21:55.651711682 116.183539 39.863334 68.480142 0.197760 -0.131840 60.805687
2019-04-26 10:21:55.752635676 116.183534 39.863336 68.477884 0.208747 -0.142827 60.789207
2019-04-26 10:21:55.852548758 116.183530 39.863338 68.475824 0.225227 -0.137333 60.772728
2019-04-26 10:21:55.952869031 116.183526 39.863340 68.473665 0.214240 -0.159307 60.750755
2019-04-26 10:21:56.052987847 116.183522 39.863342 68.471666 0.203253 -0.175787 60.728783
2019-04-26 10:21:56.153117100 116.183518 39.863344 68.469133 0.186773 -0.175787 60.712303
2019-04-26 10:21:56.252519825 116.183514 39.863345 68.465883 0.159307 -0.181280 60.695824
2019-04-26 10:21:56.352930078 116.183510 39.863347 68.462191 0.153813 -0.175787 60.673847
2019-04-26 10:21:56.451976337 116.183506 39.863349 68.459399 0.186773 -0.153813 60.657368
2019-04-26 10:21:56.552886990 116.183502 39.863351 68.456545 0.214240 -0.137333 60.635395
2019-04-26 10:21:56.652766162 116.183498 39.863352 68.452975 0.186773 -0.109867 60.607929
2019-04-26 10:21:56.753276142 116.183494 39.863354 68.449107 0.197760 -0.032960 60.591450
2019-04-26 10:21:56.852263979 116.183490 39.863356 68.445140 0.219733 0.000000 60.580463
2019-04-26 10:21:56.952880375 116.183485 39.863358 68.442668 0.247200 -0.016480 60.542007
2019-04-26 10:21:57.053099305 116.183481 39.863359 68.439457 0.291147 0.071413 60.514542
2019-04-26 10:21:57.151962932 116.183478 39.863361 68.436710 0.302133 0.104373 60.503555
2019-04-26 10:21:57.251706488 116.183474 39.863363 68.435100 0.313120 0.071413 60.481583
2019-04-26 10:21:57.353446739 116.183470 39.863365 68.433117 0.307627 0.120853 60.454117
2019-04-26 10:21:57.451825305 116.183466 39.863367 68.431484 0.368053 0.126347 60.437637
2019-04-26 10:21:57.551327684 116.183461 39.863369 68.429394 0.395520 0.126347 60.415661
2019-04-26 10:21:57.651576894 116.183457 39.863370 68.427723 0.461440 0.159307 60.388195
2019-04-26 10:21:57.751472692 116.183453 39.863372 68.427182 0.477920 0.120853 60.366222
2019-04-26 10:21:57.851416412 116.183449 39.863374 68.425908 0.472427 0.065920 60.349743
2019-04-26 10:21:57.952250398 116.183445 39.863376 68.425191 0.510880 0.060427 60.327770
2019-04-26 10:21:58.051449800 116.183440 39.863378 68.424351 0.532853 0.005493 60.300301
2019-04-26 10:21:58.158646596 116.183437 39.863380 68.423047 0.483413 -0.076907 60.283821
2019-04-26 10:21:58.253323329 116.183433 39.863381 68.422002 0.483413 -0.098880 60.278328
2019-04-26 10:21:58.352381287 116.183428 39.863383 68.420544 0.428480 -0.126347 60.261848
2019-04-26 10:21:58.451981063 116.183424 39.863385 68.416982 0.417493 -0.137333 60.239876
2019-04-26 10:21:58.552954724 116.183420 39.863387 68.414174 0.395520 -0.098880 60.223396
2019-04-26 10:21:58.651301816 116.183415 39.863389 68.411329 0.401013 -0.087893 60.212410
2019-04-26 10:21:58.752827084 116.183411 39.863391 68.406301 0.357067 -0.021973 60.195930
2019-04-26 10:21:58.851905789 116.183407 39.863393 68.402731 0.384533 0.000000 60.162968
2019-04-26 10:21:58.951203584 116.183402 39.863395 68.399855 0.340587 0.000000 60.146488
2019-04-26 10:21:59.051416347 116.183398 39.863397 68.396361 0.340587 0.065920 60.091557
2019-04-26 10:21:59.152706695 116.183394 39.863399 68.395262 0.346080 0.038453 60.025635
2019-04-26 10:21:59.251682322 116.183390 39.863401 68.393195 0.329600 0.010987 59.970703
2019-04-26 10:21:59.353312039 116.183385 39.863403 68.391623 0.329600 0.000000 59.915768
2019-04-26 10:21:59.451944061 116.183381 39.863405 68.389556 0.335093 0.000000 59.860836
2019-04-26 10:21:59.551366703 116.183376 39.863407 68.387221 0.346080 0.000000 59.811394
2019-04-26 10:21:59.652694716 116.183372 39.863409 68.385520 0.362560 0.005493 59.761955
2019-04-26 10:21:59.752505919 116.183367 39.863411 68.384490 0.390027 -0.032960 59.707024
2019-04-26 10:21:59.852904229 116.183363 39.863413 68.382003 0.390027 -0.043947 59.646595
2019-04-26 10:21:59.952337806 116.183358 39.863415 68.379196 0.351573 -0.038453 59.591663
2019-04-26 10:22:00.052380593 116.183354 39.863417 68.377296 0.351573 -0.060427 59.547714
2019-04-26 10:22:00.151831492 116.183350 39.863419 68.375633 0.362560 -0.071413 59.509262
2019-04-26 10:22:00.251537033 116.183345 39.863421 68.374336 0.422987 -0.082400 59.470810
2019-04-26 10:22:00.353218989 116.183341 39.863423 68.371895 0.417493 -0.082400 59.437851
2019-04-26 10:22:00.452117141 116.183336 39.863425 68.369278 0.401013 -0.076907 59.415874
2019-04-26 10:22:00.552093250 116.183332 39.863427 68.366768 0.313120 -0.120853 59.393902
2019-04-26 10:22:00.652797616 116.183327 39.863430 68.364655 0.346080 -0.126347 59.366436
2019-04-26 10:22:00.753120802 116.183322 39.863432 68.362519 0.335093 -0.109867 59.366436
2019-04-26 10:22:00.851969929 116.183318 39.863434 68.361008 0.368053 -0.120853 59.355450
2019-04-26 10:22:00.952163193 116.183313 39.863436 68.358971 0.335093 -0.104373 59.344463
2019-04-26 10:22:01.053151052 116.183309 39.863438 68.356728 0.329600 -0.104373 59.333477
2019-04-26 10:22:01.152833375 116.183305 39.863440 68.353051 0.296640 -0.065920 59.327984
2019-04-26 10:22:01.252225949 116.183300 39.863442 68.350778 0.318613 -0.049440 59.311501
2019-04-26 10:22:01.353072620 116.183296 39.863444 68.349351 0.285653 -0.071413 59.300514
2019-04-26 10:22:01.453116261 116.183291 39.863446 68.348115 0.302133 -0.087893 59.295021
2019-04-26 10:22:01.552048494 116.183286 39.863448 68.347673 0.296640 -0.115360 59.278542
2019-04-26 10:22:01.652065002 116.183282 39.863450 68.346056 0.296640 -0.126347 59.267555
2019-04-26 10:22:01.753363487 116.183277 39.863453 68.345163 0.252693 -0.142827 59.262062
2019-04-26 10:22:01.851312570 116.183273 39.863455 68.343500 0.236213 -0.153813 59.256569
2019-04-26 10:22:01.952015992 116.183268 39.863457 68.341631 0.225227 -0.137333 59.245583
2019-04-26 10:22:02.051297650 116.183264 39.863459 68.339594 0.225227 -0.104373 59.234596
2019-04-26 10:22:02.151938810 116.183260 39.863461 68.337313 0.214240 -0.060427 59.223610
2019-04-26 10:22:02.252054172 116.183255 39.863463 68.335284 0.197760 -0.054933 59.218117
2019-04-26 10:22:02.352348596 116.183251 39.863465 68.332789 0.186773 -0.038453 59.207130
2019-04-26 10:22:02.452059197 116.183246 39.863467 68.329379 0.170293 0.032960 59.196144
2019-04-26 10:22:02.552859054 116.183242 39.863469 68.327899 0.148320 0.027467 59.185154
2019-04-26 10:22:02.652280169 116.183237 39.863471 68.327273 0.142827 0.032960 59.179661
2019-04-26 10:22:02.752169051 116.183233 39.863473 68.326114 0.153813 0.087893 59.163181
2019-04-26 10:22:02.853027475 116.183228 39.863475 68.325389 0.164800 0.038453 59.157688
2019-04-26 10:22:02.951349694 116.183224 39.863478 68.324039 0.137333 0.043947 59.152195
2019-04-26 10:22:03.051976637 116.183219 39.863480 68.323581 0.104373 0.065920 59.135715
2019-04-26 10:22:03.151635103 116.183216 39.863482 68.322818 0.087893 0.021973 59.124729
2019-04-26 10:22:03.251247409 116.183211 39.863484 68.321552 0.120853 0.016480 59.119236
2019-04-26 10:22:03.352365046 116.183207 39.863486 68.321391 0.120853 0.000000 59.108250
2019-04-26 10:22:03.452555350 116.183202 39.863488 68.319858 0.131840 0.000000 59.086277
2019-04-26 10:22:03.552661715 116.183198 39.863490 68.317562 0.115360 0.027467 59.064304
2019-04-26 10:22:03.651743529 116.183193 39.863492 68.315967 0.142827 0.000000 59.036835
2019-04-26 10:22:03.753205690 116.183189 39.863494 68.314716 0.131840 -0.016480 59.014862
2019-04-26 10:22:03.851712610 116.183184 39.863496 68.312664 0.153813 0.021973 58.987396
2019-04-26 10:22:03.951699824 116.183180 39.863498 68.311954 0.104373 -0.049440 58.970917
2019-04-26 10:22:04.052308170 116.183175 39.863500 68.311001 0.137333 -0.071413 58.943451
2019-04-26 10:22:04.152922538 116.183172 39.863503 68.309811 0.148320 -0.060427 58.926968
2019-04-26 10:22:04.251407556 116.183167 39.863505 68.307293 0.153813 -0.104373 58.910488
2019-04-26 10:22:04.351586236 116.183163 39.863507 68.304585 0.153813 -0.082400 58.888515
2019-04-26 10:22:04.452391454 116.183158 39.863509 68.302960 0.159307 -0.115360 58.872036
2019-04-26 10:22:04.551835659 116.183154 39.863511 68.300175 0.153813 -0.137333 58.855556
2019-04-26 10:22:04.651882400 116.183149 39.863513 68.297734 0.164800 -0.131840 58.833584
2019-04-26 10:22:04.751350000 116.183145 39.863515 68.295583 0.153813 -0.109867 58.811607
2019-04-26 10:22:04.851629880 116.183141 39.863517 68.293347 0.131840 -0.142827 58.778648
2019-04-26 10:22:04.953000922 116.183136 39.863519 68.290006 0.153813 -0.109867 58.740196
2019-04-26 10:22:05.051600012 116.183132 39.863521 68.286039 0.203253 -0.049440 58.696251
2019-04-26 10:22:05.152117893 116.183128 39.863523 68.283796 0.214240 -0.104373 58.646809
2019-04-26 10:22:05.253001341 116.183124 39.863525 68.280142 0.203253 -0.060427 58.602863
2019-04-26 10:22:05.352028119 116.183120 39.863527 68.277624 0.219733 -0.038453 58.558914
2019-04-26 10:22:05.453019761 116.183115 39.863529 68.273924 0.203253 -0.043947 58.514969
2019-04-26 10:22:05.552220913 116.183111 39.863531 68.270407 0.214240 -0.005493 58.427074
2019-04-26 10:22:05.652337913 116.183106 39.863533 68.268492 0.247200 0.010987 58.350170
2019-04-26 10:22:05.752108437 116.183102 39.863535 68.265898 0.247200 -0.005493 58.289742
2019-04-26 10:22:05.851626791 116.183098 39.863538 68.261939 0.241707 0.043947 58.218330
2019-04-26 10:22:05.952474168 116.183093 39.863540 68.260345 0.274667 0.065920 58.146915
2019-04-26 10:22:06.051324495 116.183089 39.863542 68.258361 0.269173 0.060427 58.080997
2019-04-26 10:22:06.152480950 116.183085 39.863544 68.256225 0.274667 0.093387 58.015076
2019-04-26 10:22:06.253437185 116.183081 39.863546 68.254814 0.318613 0.115360 57.954651
2019-04-26 10:22:06.353050012 116.183077 39.863548 68.253212 0.368053 0.098880 57.899715
2019-04-26 10:22:06.452971689 116.183072 39.863550 68.250831 0.362560 0.126347 57.850277
2019-04-26 10:22:06.553124358 116.183068 39.863552 68.250313 0.379040 0.109867 57.817318
2019-04-26 10:22:06.652029521 116.183063 39.863554 68.249679 0.357067 0.043947 57.806328
2019-04-26 10:22:06.752521197 116.183059 39.863557 68.248573 0.384533 0.021973 57.773369
2019-04-26 10:22:06.852112986 116.183055 39.863559 68.248550 0.379040 0.005493 57.762383
2019-04-26 10:22:06.952886686 116.183050 39.863561 68.247414 0.395520 0.000000 57.740410
2019-04-26 10:22:07.052960435 116.183046 39.863563 68.246277 0.401013 0.000000 57.729424
2019-04-26 10:22:07.152155307 116.183043 39.863565 68.244095 0.444960 0.016480 57.712944
2019-04-26 10:22:07.253089009 116.183039 39.863567 68.241509 0.461440 0.010987 57.696465
2019-04-26 10:22:07.352066057 116.183034 39.863569 68.238572 0.455947 0.010987 57.674488
2019-04-26 10:22:07.453093724 116.183030 39.863571 68.236771 0.466933 0.043947 57.658009
2019-04-26 10:22:07.552015586 116.183026 39.863573 68.236016 0.510880 0.043947 57.652515
2019-04-26 10:22:07.652862676 116.183022 39.863575 68.234437 0.521867 0.054933 57.630543
2019-04-26 10:22:07.751669100 116.183017 39.863578 68.233399 0.538347 0.049440 57.614063
2019-04-26 10:22:07.851824230 116.183013 39.863580 68.231095 0.499893 0.060427 57.603077
2019-04-26 10:22:07.952161346 116.183009 39.863582 68.228044 0.505387 0.126347 57.592091
2019-04-26 10:22:08.053728771 116.183005 39.863584 68.226754 0.466933 0.153813 57.575611
2019-04-26 10:22:08.153169339 116.183001 39.863586 68.226503 0.483413 0.142827 57.570118
2019-04-26 10:22:08.252175590 116.182997 39.863588 68.226320 0.466933 0.170293 57.548141
2019-04-26 10:22:08.352798280 116.182993 39.863590 68.225900 0.483413 0.170293 57.520676
2019-04-26 10:22:08.452582998 116.182989 39.863592 68.224817 0.428480 0.126347 57.504196
2019-04-26 10:22:08.552854141 116.182985 39.863594 68.224046 0.466933 0.153813 57.482224
2019-04-26 10:22:08.651383844 116.182980 39.863596 68.224939 0.433973 0.120853 57.454758
2019-04-26 10:22:08.752184175 116.182976 39.863598 68.225404 0.406507 0.065920 57.427288
2019-04-26 10:22:08.851535748 116.182972 39.863600 68.225572 0.379040 0.060427 57.410809
2019-04-26 10:22:08.952187144 116.182968 39.863602 68.226739 0.390027 -0.027467 57.394329
2019-04-26 10:22:09.052312533 116.182964 39.863604 68.225374 0.368053 -0.054933 57.366863
2019-04-26 10:22:09.152448715 116.182961 39.863606 68.225381 0.313120 -0.087893 57.344891
2019-04-26 10:22:09.251630647 116.182957 39.863608 68.225335 0.241707 -0.153813 57.339397
2019-04-26 10:22:09.353580852 116.182953 39.863610 68.223993 0.258187 -0.104373 57.322918
2019-04-26 10:22:09.451614914 116.182949 39.863612 68.223154 0.307627 -0.065920 57.295448
2019-04-26 10:22:09.552331572 116.182945 39.863614 68.222284 0.313120 -0.098880 57.273476
2019-04-26 10:22:09.651747137 116.182941 39.863616 68.220064 0.313120 -0.027467 57.262489
2019-04-26 10:22:09.753049787 116.182937 39.863618 68.218004 0.307627 0.021973 57.246010
2019-04-26 10:22:09.852985189 116.182934 39.863620 68.216104 0.258187 0.010987 57.224037
2019-04-26 10:22:09.952185223 116.182930 39.863621 68.213411 0.236213 0.087893 57.202065
2019-04-26 10:22:10.052147286 116.182926 39.863623 68.214357 0.236213 0.054933 57.191078
2019-04-26 10:22:10.152203901 116.182923 39.863625 68.214785 0.258187 0.021973 57.180088
2019-04-26 10:22:10.251758143 116.182920 39.863627 68.213877 0.219733 0.076907 57.158115
2019-04-26 10:22:10.351455718 116.182916 39.863629 68.214769 0.225227 0.016480 57.147129
2019-04-26 10:22:10.451939784 116.182912 39.863631 68.214464 0.230720 0.016480 57.136143
2019-04-26 10:22:10.553098097 116.182908 39.863633 68.214106 0.219733 0.060427 57.114170
2019-04-26 10:22:10.652114090 116.182905 39.863634 68.214136 0.208747 0.005493 57.097691
2019-04-26 10:22:10.752294348 116.182901 39.863636 68.213312 0.148320 0.016480 57.097691
2019-04-26 10:22:10.802451466 116.182899 39.863637 68.212862 0.159307 0.038453 57.092197
2019-04-26 10:22:10.952848613 116.182894 39.863640 68.213823 0.142827 -0.043947 57.070225
2019-04-26 10:22:11.052320812 116.182890 39.863642 68.212870 0.142827 -0.049440 57.064732
2019-04-26 10:22:11.151637349 116.182887 39.863644 68.212145 0.126347 -0.060427 57.064732
2019-04-26 10:22:11.252561296 116.182884 39.863645 68.212046 0.104373 -0.109867 57.053741
2019-04-26 10:22:11.351976726 116.182880 39.863647 68.210604 0.087893 -0.071413 57.042755
2019-04-26 10:22:11.451576942 116.182876 39.863649 68.209650 0.082400 -0.071413 57.048248
2019-04-26 10:22:11.551839196 116.182873 39.863651 68.207980 0.137333 -0.076907 57.037262
2019-04-26 10:22:11.651901970 116.182869 39.863653 68.207354 0.093387 -0.098880 57.026276
2019-04-26 10:22:11.751414264 116.182865 39.863655 68.205073 0.038453 -0.071413 57.015289
2019-04-26 10:22:11.852530622 116.182861 39.863656 68.202037 0.000000 -0.016480 57.031769
2019-04-26 10:22:11.952112266 116.182858 39.863658 68.200869 0.000000 -0.016480 57.031769
2019-04-26 10:22:12.052911729 116.182854 39.863660 68.200091 0.054933 0.021973 57.020782
2019-04-26 10:22:12.151655979 116.182851 39.863662 68.199046 0.087893 0.065920 57.020782
2019-04-26 10:22:12.252938116 116.182848 39.863664 68.198016 0.115360 0.043947 57.020782
2019-04-26 10:22:12.352930450 116.182844 39.863666 68.195560 0.060427 0.087893 57.020782
2019-04-26 10:22:12.451990939 116.182840 39.863668 68.193927 0.038453 0.115360 57.020782
2019-04-26 10:22:12.552423619 116.182836 39.863669 68.192501 0.065920 0.126347 57.020782
2019-04-26 10:22:12.653055798 116.182833 39.863671 68.191844 0.098880 0.126347 57.015289
2019-04-26 10:22:12.751603437 116.182829 39.863673 68.192516 0.153813 0.104373 57.015289
2019-04-26 10:22:12.852981468 116.182825 39.863675 68.192684 0.115360 0.104373 57.020782
2019-04-26 10:22:12.951383673 116.182821 39.863677 68.192867 0.093387 0.060427 57.026276
2019-04-26 10:22:13.002815388 116.182820 39.863678 68.192241 0.076907 0.065920 57.026276
2019-04-26 10:22:13.151525010 116.182815 39.863681 68.190967 0.126347 0.109867 57.020782
2019-04-26 10:22:13.202830566 116.182813 39.863682 68.191158 0.137333 0.076907 57.015289
2019-04-26 10:22:13.353139046 116.182807 39.863684 68.189998 0.115360 0.104373 57.020782
2019-04-26 10:22:13.403058371 116.182805 39.863685 68.189869 0.142827 0.109867 57.020782
2019-04-26 10:22:13.552518978 116.182800 39.863688 68.189495 0.126347 0.065920 57.015289
2019-04-26 10:22:13.602707064 116.182798 39.863689 68.188801 0.148320 0.087893 57.009796
2019-04-26 10:22:13.751946771 116.182792 39.863692 68.189472 0.181280 0.087893 57.020782
2019-04-26 10:22:13.801625597 116.182790 39.863693 68.189129 0.192267 0.087893 57.020782
2019-04-26 10:22:13.952089603 116.182784 39.863696 68.188244 0.170293 0.093387 57.015289
2019-04-26 10:22:14.002580425 116.182782 39.863697 68.188022 0.153813 0.087893 57.015289
2019-04-26 10:22:14.151574760 116.182777 39.863700 68.187420 0.170293 0.109867 57.020782
2019-04-26 10:22:14.201492736 116.182775 39.863701 68.187641 0.175787 0.104373 57.015289
2019-04-26 10:22:14.351321425 116.182769 39.863704 68.187671 0.181280 0.126347 57.020782
2019-04-26 10:22:14.401580748 116.182767 39.863705 68.188137 0.197760 0.126347 57.026276
2019-04-26 10:22:14.552867240 116.182761 39.863708 68.188312 0.208747 0.148320 57.026276
2019-04-26 10:22:14.602909377 116.182759 39.863709 68.188472 0.219733 0.142827 57.026276
2019-04-26 10:22:14.751774910 116.182753 39.863712 68.188930 0.192267 0.131840 57.031769
2019-04-26 10:22:14.802697066 116.182751 39.863713 68.188625 0.170293 0.159307 57.031769
2019-04-26 10:22:14.952938694 116.182745 39.863716 68.190136 0.164800 0.082400 57.042755
2019-04-26 10:22:15.001713525 116.182743 39.863717 68.190189 0.186773 0.093387 57.037262
2019-04-26 10:22:15.152902334 116.182738 39.863720 68.191265 0.214240 0.104373 57.042755
2019-04-26 10:22:15.201708335 116.182736 39.863721 68.192066 0.219733 0.060427 57.042755
2019-04-26 10:22:15.351647095 116.182730 39.863724 68.190914 0.203253 0.120853 57.042755
2019-04-26 10:22:15.401477126 116.182728 39.863725 68.191196 0.192267 0.126347 57.048248
2019-04-26 10:22:15.602084528 116.182720 39.863729 68.190387 0.214240 0.109867 57.048248
2019-04-26 10:22:15.802369681 116.182711 39.863733 68.190723 0.192267 0.082400 57.048248
2019-04-26 10:22:15.952295278 116.182705 39.863736 68.191196 0.208747 0.093387 57.059235
2019-04-26 10:22:16.002414950 116.182703 39.863737 68.191989 0.236213 0.065920 57.059235
2019-04-26 10:22:16.152810877 116.182697 39.863741 68.191303 0.192267 0.054933 57.053741
2019-04-26 10:22:16.202802737 116.182695 39.863742 68.190944 0.164800 0.071413 57.059235
2019-04-26 10:22:16.353176599 116.182689 39.863745 68.189960 0.159307 0.043947 57.070225
2019-04-26 10:22:16.402731476 116.182687 39.863746 68.189258 0.170293 0.049440 57.064732
2019-04-26 10:22:16.551813394 116.182680 39.863749 68.188907 0.203253 0.065920 57.070225
2019-04-26 10:22:16.601877907 116.182678 39.863750 68.188503 0.219733 0.065920 57.070225
2019-04-26 10:22:16.753016305 116.182672 39.863753 68.186764 0.175787 0.049440 57.075718
2019-04-26 10:22:16.802985458 116.182669 39.863755 68.186779 0.153813 0.032960 57.075718
2019-04-26 10:22:16.952659128 116.182663 39.863758 68.186199 0.137333 0.000000 57.081211
2019-04-26 10:22:17.002307196 116.182661 39.863759 68.185970 0.104373 0.000000 57.086704
2019-04-26 10:22:17.202255580 116.182653 39.863763 68.185543 0.153813 -0.049440 57.103184
2019-04-26 10:22:17.353194663 116.182646 39.863767 68.183079 0.197760 0.016480 57.097691
2019-04-26 10:22:17.402779084 116.182644 39.863768 68.182720 0.197760 0.000000 57.092197
2019-04-26 10:22:17.552782481 116.182637 39.863771 68.179806 0.126347 0.093387 57.108677
2019-04-26 10:22:17.602295511 116.182635 39.863772 68.179714 0.131840 0.120853 57.114170
2019-04-26 10:22:17.751281542 116.182629 39.863775 68.178128 0.181280 0.131840 57.114170
2019-04-26 10:22:17.801558301 116.182626 39.863777 68.177487 0.186773 0.159307 57.119663
2019-04-26 10:22:17.951768814 116.182620 39.863780 68.177288 0.175787 0.225227 57.119663
2019-04-26 10:22:18.001535740 116.182617 39.863781 68.176922 0.181280 0.219733 57.119663
2019-04-26 10:22:18.152430268 116.182612 39.863784 68.177586 0.159307 0.241707 57.125156
2019-04-26 10:22:18.202619442 116.182609 39.863785 68.178433 0.181280 0.225227 57.130650
2019-04-26 10:22:18.352162279 116.182603 39.863789 68.179211 0.186773 0.208747 57.136143
2019-04-26 10:22:18.402185907 116.182601 39.863790 68.178913 0.197760 0.258187 57.136143
2019-04-26 10:22:18.552826775 116.182594 39.863793 68.180935 0.203253 0.192267 57.147129
2019-04-26 10:22:18.601933206 116.182592 39.863794 68.180668 0.214240 0.203253 57.141636
2019-04-26 10:22:18.751936433 116.182585 39.863797 68.181469 0.214240 0.241707 57.141636
2019-04-26 10:22:18.802807428 116.182583 39.863799 68.181744 0.186773 0.225227 57.147129
2019-04-26 10:22:18.952553207 116.182576 39.863802 68.182156 0.175787 0.241707 57.152622
2019-04-26 10:22:19.002130182 116.182574 39.863803 68.183262 0.192267 0.219733 57.158115
2019-04-26 10:22:19.153262675 116.182568 39.863806 68.183872 0.186773 0.241707 57.158115
2019-04-26 10:22:19.202418628 116.182566 39.863807 68.184116 0.186773 0.252693 57.158115
2019-04-26 10:22:19.352306604 116.182559 39.863811 68.184696 0.192267 0.241707 57.174595
2019-04-26 10:22:19.401509208 116.182557 39.863812 68.184948 0.192267 0.247200 57.169102
2019-04-26 10:22:19.551770959 116.182551 39.863815 68.184978 0.197760 0.280160 57.158115
2019-04-26 10:22:19.601666441 116.182549 39.863816 68.185200 0.203253 0.269173 57.158115
2019-04-26 10:22:19.751303686 116.182542 39.863819 68.185696 0.192267 0.302133 57.125156
2019-04-26 10:22:19.803023298 116.182540 39.863820 68.186375 0.203253 0.302133 57.108677
2019-04-26 10:22:19.953190260 116.182534 39.863824 68.187130 0.236213 0.274667 57.064732
2019-04-26 10:22:20.001518956 116.182531 39.863825 68.187580 0.247200 0.274667 57.053741
2019-04-26 10:22:20.201221907 116.182524 39.863829 68.189090 0.269173 0.274667 57.004303
2019-04-26 10:22:20.353036726 116.182518 39.863832 68.190601 0.274667 0.269173 56.971344
2019-04-26 10:22:20.402244745 116.182515 39.863833 68.191410 0.258187 0.258187 56.965851
2019-04-26 10:22:20.552820593 116.182509 39.863836 68.192729 0.247200 0.258187 56.927395
2019-04-26 10:22:20.602660368 116.182507 39.863837 68.192707 0.219733 0.280160 56.916409
2019-04-26 10:22:20.751438056 116.182501 39.863840 68.193584 0.247200 0.258187 56.905422
2019-04-26 10:22:20.801775213 116.182499 39.863841 68.193988 0.269173 0.263680 56.888943
2019-04-26 10:22:20.952392779 116.182493 39.863844 68.195613 0.252693 0.252693 56.855984
2019-04-26 10:22:21.001691566 116.182491 39.863845 68.196025 0.230720 0.241707 56.844997
2019-04-26 10:22:21.153004001 116.182486 39.863848 68.195895 0.219733 0.318613 56.817532
2019-04-26 10:22:21.201411318 116.182485 39.863849 68.196590 0.203253 0.318613 56.812035
2019-04-26 10:22:21.353364736 116.182479 39.863852 68.197589 0.258187 0.285653 56.790062
2019-04-26 10:22:21.402858228 116.182477 39.863853 68.197665 0.236213 0.302133 56.773582
2019-04-26 10:22:21.551464080 116.182472 39.863855 68.197932 0.302133 0.324107 56.740623
2019-04-26 10:22:21.603400604 116.182470 39.863856 68.197963 0.302133 0.318613 56.740623
2019-04-26 10:22:21.752436037 116.182464 39.863859 68.198199 0.252693 0.357067 56.702171
2019-04-26 10:22:21.802088515 116.182462 39.863860 68.199145 0.269173 0.340587 56.691185
2019-04-26 10:22:21.952824420 116.182457 39.863863 68.201815 0.263680 0.263680 56.663715
2019-04-26 10:22:22.002655943 116.182455 39.863864 68.202075 0.263680 0.263680 56.647236
2019-04-26 10:22:22.152565315 116.182451 39.863866 68.202365 0.225227 0.302133 56.636250
2019-04-26 10:22:22.202136354 116.182449 39.863867 68.202464 0.225227 0.291147 56.636250
2019-04-26 10:22:22.353022117 116.182444 39.863870 68.203631 0.247200 0.258187 56.597797
2019-04-26 10:22:22.401904853 116.182442 39.863871 68.204188 0.236213 0.241707 56.592304
2019-04-26 10:22:22.552326001 116.182436 39.863874 68.205783 0.241707 0.153813 56.564838
2019-04-26 10:22:22.602143669 116.182435 39.863874 68.205783 0.214240 0.148320 56.559341
2019-04-26 10:22:22.752093522 116.182429 39.863877 68.205638 0.274667 0.159307 56.531876
2019-04-26 10:22:22.802704127 116.182428 39.863878 68.205966 0.258187 0.159307 56.526382
2019-04-26 10:22:23.001682250 116.182421 39.863882 68.207652 0.203253 0.043947 56.482437
2019-04-26 10:22:23.152844236 116.182416 39.863884 68.207171 0.214240 0.065920 56.465958
2019-04-26 10:22:23.351319751 116.182409 39.863888 68.204127 0.164800 0.115360 56.422009
2019-04-26 10:22:23.401805172 116.182407 39.863889 68.203692 0.148320 0.131840 56.394543
2019-04-26 10:22:23.553027545 116.182402 39.863891 68.204272 0.131840 0.087893 56.229744
2019-04-26 10:22:23.602854944 116.182400 39.863892 68.203456 0.126347 0.126347 56.130863
2019-04-26 10:22:23.752121290 116.182395 39.863895 68.201785 0.104373 0.192267 55.685902
2019-04-26 10:22:23.801850929 116.182394 39.863896 68.201648 0.115360 0.197760 55.493637
2019-04-26 10:22:23.951750832 116.182389 39.863898 68.201083 0.098880 0.247200 54.784996
2019-04-26 10:22:24.001587973 116.182387 39.863899 68.200953 0.076907 0.258187 54.510330
2019-04-26 10:22:24.153253505 116.182383 39.863902 68.200862 0.087893 0.296640 53.636890
2019-04-26 10:22:24.203295019 116.182381 39.863903 68.200191 0.104373 0.335093 53.312786
2019-04-26 10:22:24.351541797 116.182376 39.863906 68.199908 0.153813 0.346080 52.252571
2019-04-26 10:22:24.402738189 116.182375 39.863906 68.199809 0.186773 0.335093 51.890011
2019-04-26 10:22:24.552544331 116.182370 39.863909 68.201060 0.219733 0.362560 50.840786
2019-04-26 10:22:24.602692615 116.182369 39.863910 68.201815 0.236213 0.346080 50.494705
2019-04-26 10:22:24.751582579 116.182364 39.863913 68.202243 0.274667 0.351573 49.483932
2019-04-26 10:22:24.801595452 116.182362 39.863914 68.202311 0.296640 0.368053 49.148838
2019-04-26 10:22:24.953066745 116.182358 39.863917 68.204981 0.329600 0.307627 48.165531
2019-04-26 10:22:25.002583387 116.182357 39.863918 68.205531 0.351573 0.302133 47.835934
2019-04-26 10:22:25.151780665 116.182353 39.863921 68.205882 0.357067 0.335093 46.885586
2019-04-26 10:22:25.201456178 116.182352 39.863922 68.206103 0.362560 0.307627 46.577961
2019-04-26 10:22:25.351461773 116.182347 39.863925 68.206683 0.329600 0.296640 45.660572
2019-04-26 10:22:25.403277130 116.182346 39.863926 68.207011 0.329600 0.313120 45.352947
2019-04-26 10:22:25.552709004 116.182342 39.863929 68.208537 0.335093 0.230720 44.457535
2019-04-26 10:22:25.602317865 116.182341 39.863930 68.208331 0.340587 0.225227 44.155399
2019-04-26 10:22:25.752175018 116.182337 39.863933 68.208140 0.340587 0.230720 43.249001
2019-04-26 10:22:25.801542470 116.182336 39.863934 68.208681 0.340587 0.181280 42.952362
2019-04-26 10:22:25.951895870 116.182332 39.863937 68.208666 0.318613 0.175787 42.062439
2019-04-26 10:22:26.001633111 116.182331 39.863938 68.208674 0.296640 0.175787 41.765800
2019-04-26 10:22:26.152163595 116.182328 39.863941 68.207941 0.291147 0.115360 40.903347
2019-04-26 10:22:26.203128004 116.182326 39.863942 68.207850 0.274667 0.109867 40.645161
2019-04-26 10:22:26.352695971 116.182323 39.863946 68.208056 0.236213 0.098880 39.881588
2019-04-26 10:22:26.402927333 116.182322 39.863947 68.207789 0.236213 0.082400 39.628895
2019-04-26 10:22:26.553172453 116.182318 39.863950 68.205233 0.318613 0.109867 39.052094
2019-04-26 10:22:26.603241917 116.182317 39.863951 68.203952 0.351573 0.142827 38.920254
2019-04-26 10:22:26.752080951 116.182314 39.863954 68.203540 0.417493 0.065920 38.711510
2019-04-26 10:22:26.802140633 116.182312 39.863955 68.203265 0.417493 0.060427 38.700523
2019-04-26 10:22:26.952070960 116.182309 39.863959 68.202815 0.406507 0.027467 38.810387
2019-04-26 10:22:27.002891695 116.182308 39.863960 68.202639 0.412000 0.000000 38.881802
2019-04-26 10:22:27.153009662 116.182305 39.863963 68.201495 0.461440 0.000000 39.183933
2019-04-26 10:22:27.202815125 116.182304 39.863964 68.201556 0.483413 -0.027467 39.332256
2019-04-26 10:22:27.353222764 116.182301 39.863967 68.199161 0.466933 -0.016480 39.892574
2019-04-26 10:22:27.401916273 116.182300 39.863968 68.198886 0.455947 -0.021973 40.106815
2019-04-26 10:22:27.552912301 116.182296 39.863971 68.197368 0.461440 -0.065920 40.842922
2019-04-26 10:22:27.602495731 116.182295 39.863972 68.196216 0.461440 -0.043947 41.106602
2019-04-26 10:22:27.753252989 116.182292 39.863975 68.193927 0.510880 -0.027467 41.974548
2019-04-26 10:22:27.801937088 116.182290 39.863976 68.192737 0.510880 -0.021973 42.282173
2019-04-26 10:22:27.951747600 116.182287 39.863979 68.190601 0.516373 0.016480 43.303932
2019-04-26 10:22:28.001239910 116.182286 39.863980 68.190113 0.510880 0.021973 43.666492
2019-04-26 10:22:28.202615582 116.182282 39.863984 68.186779 0.554826 0.065920 45.237587
2019-04-26 10:22:28.552981773 116.182273 39.863991 68.182919 0.444960 0.109867 48.077641
2019-04-26 10:22:28.602636348 116.182272 39.863992 68.182552 0.461440 0.126347 48.478653
2019-04-26 10:22:28.753195123 116.182268 39.863994 68.182125 0.417493 0.126347 49.659718
2019-04-26 10:22:28.801399871 116.182267 39.863995 68.181950 0.422987 0.131840 50.027771
2019-04-26 10:22:28.952346350 116.182263 39.863998 68.180950 0.450453 0.148320 51.093479
2019-04-26 10:22:29.001526394 116.182261 39.863998 68.181004 0.461440 0.142827 51.434063
2019-04-26 10:22:29.152250872 116.182258 39.864001 68.180927 0.461440 0.126347 52.411877
2019-04-26 10:22:29.202065439 116.182257 39.864002 68.180996 0.422987 0.115360 52.719505
