1556379985.548347950 -7.807 6.842 0.000 2.556 0.000
1556379985.648348093 -8.556 7.393 0.845 2.556 0.000
1556379985.748347998 -8.578 7.408 0.540 2.556 -0.000
1556379985.848347902 -9.244 7.849 4.807 2.556 -0.000
1556379985.948348045 -9.440 7.980 4.606 2.556 0.000
1556379986.048347950 -10.184 8.472 5.108 2.557 0.001
1556379986.148348093 -10.307 8.553 4.942 2.558 0.002
1556379986.248347998 -10.975 9.033 5.237 2.501 -0.044
1556379986.348347902 -11.794 9.602 5.589 2.557 -0.013
1556379986.448348045 -11.926 9.683 5.438 2.568 -0.009
1556379986.548347950 -12.646 10.156 5.759 2.551 -0.012
1556379986.648348093 -13.415 10.666 6.355 2.549 -0.012
1556379986.748347998 -13.740 10.883 5.809 2.551 -0.011
1556379986.848347902 -14.276 11.277 6.105 2.525 -0.047
1556379986.948348045 -14.566 11.490 5.409 2.518 -0.055
1556379987.048347950 -15.094 11.843 5.680 2.534 -0.005
1556379987.148348093 -15.403 12.050 5.248 2.539 0.010
1556379987.248347998 -15.894 12.335 5.348 2.578 0.087
1556379987.348347902 -16.204 12.517 5.030 2.593 0.101
1556379987.448348045 -16.693 12.829 5.171 2.593 0.083
1556379987.548347950 -17.028 13.041 4.986 2.595 0.075
1556379987.648348093 -17.482 13.370 5.079 2.572 0.030
1556379987.748347998 -17.810 13.602 4.934 2.563 0.015
1556379987.848347902 -18.276 13.923 5.032 2.556 0.004
1556379987.948348045 -18.625 14.161 4.931 2.553 0.001
1556379988.048347950 -19.070 14.486 5.002 2.541 -0.013
1556379988.148348093 -19.410 14.732 4.907 2.535 -0.018
1556379988.248347998 -19.852 15.015 4.949 2.543 -0.008
1556379988.348347902 -20.195 15.236 4.849 2.547 -0.003
1556379988.448348045 -20.647 15.528 4.911 2.552 0.003
1556379988.548347950 -21.003 15.759 4.836 2.555 0.005
1556379988.648348093 -21.440 16.064 4.893 2.550 -0.000
1556379988.748347998 -21.787 16.306 4.818 2.547 -0.004
1556379988.848347902 -22.214 16.617 4.872 2.538 -0.012
1556379988.948348045 -22.556 16.865 4.798 2.533 -0.017
1556379989.048347950 -22.999 17.174 4.868 2.531 -0.017
1556379989.148348093 -23.355 17.422 4.809 2.530 -0.016
1556379989.248347998 -23.812 17.730 4.889 2.533 -0.011
1556379989.348347902 -24.179 17.978 4.837 2.535 -0.008
1556379989.448348045 -24.622 18.292 4.907 2.532 -0.010
1556379989.548347950 -24.979 18.544 4.845 2.530 -0.011
1556379989.648348093 -25.435 18.855 4.924 2.532 -0.008
1556379989.748347998 -25.802 19.106 4.870 2.534 -0.005
1556379989.848347902 -26.267 19.415 4.953 2.538 0.000
1556379989.948348045 -26.642 19.665 4.902 2.541 0.004
1556379990.048347950 -27.113 19.974 4.987 2.547 0.009
1556379990.148348093 -27.493 20.223 4.936 2.550 0.012
1556379990.248347998 -27.967 20.533 5.021 2.554 0.015
1556379990.348347902 -28.349 20.783 4.970 2.557 0.016
1556379990.448348045 -28.803 21.100 5.036 2.553 0.010
1556379990.548347950 -29.168 21.354 4.969 2.550 0.006
1556379990.648348093 -29.651 21.663 5.058 2.556 0.012
1556379990.748347998 -30.041 21.912 5.008 2.561 0.015
1556379990.848347902 -30.522 22.222 5.092 2.564 0.017
1556379990.948348045 -30.909 22.472 5.037 2.566 0.018
1556379991.048347950 -31.381 22.819 5.131 2.553 0.002
1556379991.148348093 -31.761 23.099 5.084 2.544 -0.008
1556379991.248347998 -32.236 23.434 5.168 2.538 -0.014
1556379991.348347902 -32.618 23.704 5.113 2.535 -0.016
1556379991.448348045 -33.094 24.030 5.190 2.535 -0.014
1556379991.548347950 -33.477 24.293 5.127 2.535 -0.013
1556379991.648348093 -33.954 24.612 5.199 2.538 -0.008
1556379991.748347998 -34.337 24.869 5.132 2.540 -0.005
1556379991.848347902 -34.827 25.212 5.231 2.537 -0.008
1556379991.948348045 -35.223 25.489 5.185 2.535 -0.009
1556379992.048347950 -35.710 25.820 5.268 2.537 -0.006
1556379992.148348093 -36.280 26.201 5.451 2.541 -0.001
1556379992.248347998 -36.744 26.511 5.468 2.543 0.002
1556379992.348347902 -37.290 26.872 5.593 2.547 0.006
1556379992.448348045 -37.732 27.165 5.560 2.550 0.009
1556379992.548347950 -38.235 27.516 5.627 2.546 0.004
1556379992.648348093 -38.639 27.798 5.546 2.544 0.000
1556379992.748347998 -39.130 28.132 5.593 2.544 0.000
1556379992.848347902 -39.524 28.400 5.498 2.544 0.000
1556379992.948348045 -40.006 28.722 5.534 2.546 0.003
1556379993.048347950 -40.391 28.980 5.431 2.547 0.004
1556379993.148348093 -40.867 29.294 5.463 2.550 0.007
1556379993.248347998 -41.339 29.585 5.472 2.560 0.016
1556379993.348347902 -41.776 29.897 5.461 2.553 0.007
1556379993.448348045 -42.298 30.260 5.565 2.548 0.001
1556379993.548347950 -42.719 30.553 5.516 2.546 -0.002
1556379993.648348093 -43.226 30.897 5.588 2.545 -0.002
1556379993.748347998 -43.634 31.174 5.513 2.545 -0.002
1556379993.848347902 -44.115 31.476 5.533 2.553 0.007
1556379993.948348045 -44.499 31.717 5.417 2.559 0.013
1556379994.048347950 -44.971 32.018 5.439 2.564 0.017
1556379994.148348093 -45.348 32.258 5.328 2.567 0.018
1556379994.248347998 -45.793 32.566 5.338 2.562 0.011
1556379994.348347902 -46.148 32.810 5.220 2.558 0.006
1556379994.448348045 -46.596 33.116 5.244 2.556 0.002
1556379994.548347950 -47.107 33.480 5.364 2.547 -0.008
1556379994.648348093 -47.521 33.775 5.332 2.541 -0.013
1556379994.748347998 -48.032 34.088 5.408 2.552 0.001
1556379994.848347902 -48.442 34.340 5.340 2.560 0.009
1556379994.948348045 -48.918 34.658 5.385 2.559 0.007
1556379995.048347950 -49.298 34.913 5.292 2.558 0.005
1556379995.148348093 -49.747 35.233 5.318 2.551 -0.004
1556379995.248347998 -50.106 35.488 5.213 2.545 -0.009
1556379995.348347902 -50.475 35.726 5.120 2.549 -0.004
1556379995.448348045 -50.847 35.986 5.052 2.545 -0.008
1556379995.548347950 -51.291 36.309 5.104 2.537 -0.016
1556379995.648348093 -51.647 36.569 5.025 2.531 -0.021
1556379995.748347998 -52.101 36.886 5.084 2.529 -0.021
1556379995.848347902 -52.466 37.140 5.011 2.528 -0.020
1556379995.948348045 -52.927 37.452 5.076 2.531 -0.014
1556379996.048347950 -53.297 37.703 5.007 2.533 -0.011
1556379996.148348093 -53.658 37.944 4.931 2.535 -0.007
1556379996.248347998 -54.031 38.172 4.867 2.546 0.005
1556379996.348347902 -54.500 38.464 4.943 2.556 0.016
1556379996.448348045 -54.878 38.699 4.886 2.563 0.021
1556379996.548347950 -55.349 38.998 4.967 2.568 0.025
1556379996.648348093 -55.729 39.239 4.913 2.572 0.026
1556379996.748347998 -56.181 39.549 4.980 2.567 0.018
1556379996.848347902 -56.544 39.799 4.914 2.563 0.012
1556379996.948348045 -56.995 40.145 5.002 2.545 -0.009
1556379997.048347950 -57.358 40.424 4.953 2.533 -0.021
1556379997.148348093 -57.820 40.758 5.039 2.526 -0.026
1556379997.248347998 -58.368 41.141 5.230 2.524 -0.025
1556379997.348347902 -58.816 41.453 5.258 2.524 -0.022
1556379997.448348045 -59.351 41.815 5.397 2.528 -0.015
1556379997.548347950 -59.962 42.221 5.622 2.535 -0.005
1556379997.648348093 -60.462 42.554 5.667 2.539 0.000
1556379997.748347998 -61.040 42.933 5.811 2.546 0.007
1556379997.848347902 -61.507 43.241 5.787 2.549 0.010
1556379997.948348045 -61.960 43.560 5.759 2.545 0.005
1556379998.048347950 -62.411 43.850 5.714 2.551 0.011
1556379998.148348093 -62.933 44.229 5.800 2.542 -0.000
1556379998.248347998 -63.353 44.534 5.730 2.537 -0.006
1556379998.348347902 -63.859 44.886 5.781 2.535 -0.008
1556379998.448348045 -64.264 45.168 5.685 2.534 -0.008
1556379998.548347950 -64.756 45.501 5.715 2.537 -0.004
1556379998.648348093 -65.149 45.767 5.604 2.538 -0.002
1556379998.748347998 -65.631 46.086 5.624 2.542 0.003
1556379998.848347902 -66.014 46.341 5.507 2.545 0.005
1556379998.948348045 -66.395 46.612 5.412 2.541 0.000
1556379999.048347950 -66.776 46.898 5.337 2.533 -0.009
1556379999.148348093 -67.271 47.229 5.409 2.537 -0.003
1556379999.248347998 -67.669 47.495 5.339 2.540 0.000
1556379999.348347902 -68.158 47.816 5.398 2.544 0.006
1556379999.448348045 -68.550 48.074 5.317 2.548 0.009
1556379999.548347950 -69.023 48.424 5.383 2.538 -0.003
1556379999.648348093 -69.404 48.705 5.308 2.532 -0.010
1556379999.748347998 -69.878 49.038 5.365 2.530 -0.010
1556379999.848347902 -70.258 49.305 5.283 2.529 -0.010
1556379999.948348045 -70.639 49.587 5.221 2.523 -0.016
1556380000.048347950 -71.030 49.847 5.161 2.528 -0.009
1556380000.148348093 -71.506 50.198 5.249 2.522 -0.015
1556380000.248347998 -71.890 50.481 5.193 2.518 -0.018
1556380000.348347902 -72.368 50.815 5.269 2.520 -0.014
1556380000.448348045 -72.753 51.083 5.203 2.521 -0.011
1556380000.548347950 -73.233 51.406 5.270 2.527 -0.003
1556380000.648348093 -73.618 51.664 5.198 2.531 0.002
1556380000.748347998 -74.088 52.013 5.275 2.525 -0.005
1556380000.848347902 -74.667 52.400 5.469 2.532 0.004
1556380000.948348045 -75.138 52.715 5.494 2.537 0.009
1556380001.048347950 -75.684 53.115 5.640 2.531 0.000
1556380001.148348093 -76.126 53.439 5.623 2.526 -0.005
1556380001.248347998 -76.654 53.807 5.718 2.527 -0.003
1556380001.348347902 -77.079 54.104 5.657 2.528 -0.002
1556380001.448348045 -77.582 54.484 5.732 2.519 -0.012
1556380001.548347950 -77.986 54.789 5.656 2.513 -0.017
1556380001.648348093 -78.480 55.139 5.703 2.515 -0.013
1556380001.748347998 -78.876 55.420 5.605 2.516 -0.011
1556380001.848347902 -79.353 55.783 5.652 2.509 -0.017
1556380001.948348045 -79.821 56.147 5.683 2.501 -0.025
1556380002.048347950 -80.288 56.474 5.687 2.505 -0.017
1556380002.148348093 -80.767 56.801 5.700 2.513 -0.006
1556380002.248347998 -81.234 57.133 5.703 2.514 -0.003
1556380002.348347902 -81.784 57.507 5.813 2.522 0.006
1556380002.448348045 -82.227 57.809 5.762 2.527 0.011
1556380002.548347950 -82.746 58.192 5.843 2.523 0.004
1556380002.648348093 -83.163 58.501 5.768 2.519 0.000
1556380002.748347998 -83.681 58.882 5.845 2.516 -0.003
1556380002.848347902 -84.098 59.188 5.768 2.514 -0.005
1556380002.948348045 -84.602 59.538 5.812 2.519 0.001
1556380003.048347950 -85.006 59.818 5.709 2.522 0.004
1556380003.148348093 -85.490 60.181 5.749 2.517 -0.002
1556380003.248347998 -85.877 60.471 5.644 2.513 -0.006
1556380003.348347902 -86.378 60.801 5.686 2.523 0.006
1556380003.448348045 -86.779 61.065 5.584 2.531 0.014
1556380003.548347950 -87.261 61.416 5.628 2.528 0.009
1556380003.648348093 -87.646 61.696 5.529 2.525 0.005
1556380003.748347998 -88.145 62.020 5.578 2.536 0.016
1556380003.848347902 -88.545 62.279 5.485 2.543 0.023
1556380003.948348045 -89.026 62.628 5.538 2.538 0.015
1556380004.048347950 -89.411 62.907 5.448 2.535 0.009
1556380004.148348093 -89.888 63.238 5.490 2.536 0.009
1556380004.248347998 -90.270 63.502 5.393 2.537 0.010
1556380004.348347902 -90.736 63.854 5.445 2.527 -0.002
1556380004.448348045 -91.109 64.137 5.357 2.521 -0.009
1556380004.548347950 -91.577 64.469 5.403 2.521 -0.008
1556380004.648348093 -91.952 64.735 5.310 2.521 -0.007
1556380004.748347998 -92.422 65.054 5.353 2.526 -0.001
1556380004.848347902 -92.798 65.309 5.260 2.530 0.003
1556380004.948348045 -93.260 65.653 5.319 2.523 -0.004
1556380005.048347950 -93.630 65.929 5.239 2.518 -0.009
1556380005.148348093 -93.919 66.145 5.052 2.515 -0.012
1556380005.248347998 -94.315 66.420 5.025 2.518 -0.007
1556380005.348347902 -94.805 66.748 5.126 2.526 0.003
1556380005.448348045 -95.202 67.013 5.085 2.532 0.008
1556380005.548347950 -95.683 67.367 5.190 2.526 0.001
1556380005.648348093 -96.072 67.654 5.149 2.522 -0.003
1556380005.748347998 -96.557 67.991 5.237 2.525 -0.000
1556380005.848347902 -96.947 68.263 5.182 2.526 0.002
1556380005.948348045 -97.423 68.623 5.273 2.519 -0.007
1556380006.048347950 -97.807 68.913 5.220 2.513 -0.012
1556380006.148348093 -98.287 69.251 5.297 2.515 -0.009
1556380006.248347998 -98.673 69.524 5.231 2.517 -0.006
1556380006.348347902 -99.153 69.848 5.298 2.524 0.003
1556380006.448348045 -99.539 70.109 5.225 2.529 0.008
1556380006.548347950 -100.011 70.459 5.300 2.523 0.001
1556380006.648348093 -100.390 70.740 5.234 2.520 -0.003
1556380006.748347998 -100.866 71.071 5.299 2.522 -0.000
1556380006.848347902 -101.247 71.338 5.226 2.524 0.002
1556380006.948348045 -101.715 71.692 5.300 2.517 -0.006
1556380007.048347950 -102.092 71.976 5.234 2.512 -0.011
1556380007.148348093 -102.543 72.316 5.282 2.507 -0.015
1556380007.248347998 -102.904 72.588 5.196 2.504 -0.017
1556380007.348347902 -103.365 72.910 5.245 2.509 -0.010
1556380007.448348045 -103.734 73.169 5.160 2.512 -0.005
1556380007.548347950 -104.107 73.442 5.099 2.511 -0.006
1556380007.648348093 -104.484 73.728 5.058 2.507 -0.010
1556380007.748347998 -104.960 74.064 5.148 2.511 -0.004
1556380007.848347902 -105.344 74.335 5.097 2.514 -0.001
1556380007.948348045 -105.825 74.658 5.177 2.523 0.009
1556380008.048347950 -106.212 74.918 5.118 2.529 0.015
1556380008.148348093 -106.601 75.195 5.079 2.529 0.013
1556380008.248347998 -106.970 75.491 5.039 2.517 -0.001
1556380008.348347902 -107.353 75.763 5.001 2.518 0.001
1556380008.448348045 -107.741 76.050 4.981 2.516 -0.002
1556380008.548347950 -108.132 76.350 4.976 2.510 -0.009
1556380008.648348093 -108.536 76.626 4.967 2.516 -0.001
1556380008.748347998 -108.942 76.917 4.970 2.516 -0.000
1556380008.848347902 -109.349 77.220 4.984 2.513 -0.004
1556380008.948348045 -109.767 77.501 4.990 2.521 0.005
1556380009.048347950 -110.185 77.796 5.005 2.523 0.007
1556380009.148348093 -110.603 78.103 5.027 2.520 0.003
1556380009.248347998 -111.029 78.387 5.038 2.528 0.011
1556380009.348347902 -111.453 78.686 5.057 2.529 0.011
1556380009.448348045 -111.855 79.002 5.063 2.518 -0.002
1556380009.548347950 -112.259 79.327 5.077 2.505 -0.015
1556380009.648348093 -112.674 79.624 5.081 2.507 -0.012
1556380009.748347998 -113.089 79.932 5.092 2.505 -0.012
1556380009.848347902 -113.505 80.249 5.108 2.501 -0.016
1556380009.948348045 -113.930 80.540 5.114 2.508 -0.006
1556380010.048347950 -114.354 80.843 5.126 2.511 -0.003
1556380010.148348093 -114.776 81.156 5.142 2.509 -0.005
1556380010.248347998 -115.207 81.443 5.146 2.518 0.006
1556380010.348347902 -115.612 81.750 5.140 2.514 0.000
1556380010.448348045 -116.019 82.065 5.141 2.507 -0.007
1556380010.548347950 -116.436 82.354 5.134 2.512 -0.000
1556380010.648348093 -116.852 82.655 5.135 2.513 0.000
1556380010.748347998 -117.268 82.966 5.142 2.510 -0.003
1556380010.848347902 -117.670 83.258 5.123 2.511 -0.002
1556380010.948348045 -118.074 83.561 5.115 2.508 -0.005
1556380011.048347950 -118.488 83.839 5.100 2.516 0.005
1556380011.148348093 -118.901 84.131 5.097 2.519 0.007
1556380011.248347998 -119.300 84.407 5.070 2.523 0.011
1556380011.348347902 -119.701 84.697 5.056 2.522 0.009
1556380011.448348045 -120.111 84.966 5.039 2.532 0.018
1556380011.548347950 -120.500 85.257 5.018 2.526 0.011
1556380011.648348093 -120.985 85.599 5.125 2.528 0.011
1556380011.748347998 -121.448 85.919 5.184 2.531 0.013
1556380011.848347902 -121.904 86.250 5.237 2.528 0.008
1556380011.948348045 -122.341 86.560 5.252 2.528 0.008
1556380012.048347950 -122.845 86.924 5.364 2.526 0.004
1556380012.148348093 -123.346 87.257 5.440 2.533 0.012
1556380012.248347998 -123.811 87.605 5.483 2.526 0.003
1556380012.348347902 -124.277 87.921 5.500 2.531 0.008
1556380012.448348045 -124.732 88.246 5.512 2.529 0.005
1556380012.548347950 -125.166 88.550 5.488 2.530 0.005
1556380012.648348093 -125.602 88.829 5.452 2.540 0.015
1556380012.748347998 -126.008 89.128 5.406 2.534 0.007
1556380012.848347902 -126.420 89.402 5.354 2.539 0.012
1556380012.948348045 -126.807 89.698 5.298 2.530 0.001
1556380013.048347950 -127.204 89.969 5.242 2.532 0.004
1556380013.148348093 -127.586 90.226 5.169 2.536 0.007
1556380013.248347998 -128.040 90.546 5.215 2.535 0.005
1556380013.348347902 -128.474 90.848 5.224 2.535 0.005
1556380013.448348045 -128.904 91.161 5.235 2.530 -0.001
1556380013.548347950 -129.317 91.455 5.217 2.529 -0.003
1556380013.648348093 -129.737 91.727 5.193 2.536 0.006
1556380013.748347998 -130.131 92.021 5.162 2.530 -0.002
1556380013.848347902 -130.514 92.299 5.112 2.526 -0.006
1556380013.948348045 -130.898 92.590 5.079 2.519 -0.013
1556380014.048347950 -131.273 92.865 5.030 2.516 -0.015
1556380014.148348093 -131.660 93.120 4.985 2.523 -0.005
1556380014.248347998 -132.028 93.398 4.943 2.517 -0.012
1556380014.348347902 -132.388 93.663 4.889 2.514 -0.013
1556380014.448348045 -132.764 93.909 4.843 2.522 -0.003
1556380014.548347950 -133.130 94.148 4.789 2.530 0.006
1556380014.648348093 -133.481 94.412 4.745 2.524 -0.002
1556380014.748347998 -133.850 94.660 4.710 2.529 0.004
1556380014.848347902 -134.211 94.900 4.668 2.534 0.009
1556380014.948348045 -134.559 95.167 4.636 2.526 -0.001
1556380015.048347950 -134.926 95.417 4.613 2.529 0.003
1556380015.148348093 -135.286 95.660 4.583 2.533 0.007
1556380015.248347998 -135.634 95.929 4.562 2.524 -0.004
