1556379985.548347950 -7.807 6.842 0.000 2.556 16.15625
1556379985.648348093 -8.571 7.404 0.000 2.556 16.36250
1556379985.748347998 -8.571 7.404 0.000 2.556 16.50000
1556379985.848347902 -9.422 7.967 0.000 2.556 16.56875
1556379985.948348045 -9.422 7.967 0.000 2.556 16.77500
1556379986.048347950 -10.272 8.530 0.000 2.556 16.84375
1556379986.148348093 -10.272 8.530 0.000 2.556 16.91250
1556379986.248347998 -11.037 9.092 0.000 2.556 17.11875
1556379986.348347902 -11.887 9.655 0.000 2.556 17.18750
1556379986.448348045 -11.887 9.655 0.000 2.556 17.25625
1556379986.548347950 -12.737 10.218 0.000 2.556 17.46250
1556379986.648348093 -13.587 10.780 0.000 2.556 17.46250
1556379986.748347998 -13.587 10.780 0.000 2.556 17.46250
1556379986.848347902 -14.352 11.342 0.000 2.556 17.60000
1556379986.948348045 -14.352 11.342 0.000 2.556 17.60000
1556379987.048347950 -15.202 11.905 0.000 2.556 17.73750
1556379987.148348093 -15.202 11.905 0.000 2.556 17.66875
1556379987.248347998 -15.968 12.356 0.000 2.556 17.66875
1556379987.348347902 -15.968 12.356 0.000 2.556 17.60000
1556379987.448348045 -16.818 12.919 0.000 2.556 17.60000
1556379987.548347950 -16.818 12.919 0.000 2.556 17.60000
1556379987.648348093 -17.583 13.481 0.000 2.556 17.46250
1556379987.748347998 -17.583 13.481 0.000 2.556 17.53125
1556379987.848347902 -18.433 14.044 0.000 2.556 17.39375
1556379987.948348045 -18.433 14.044 0.000 2.556 17.39375
1556379988.048347950 -19.198 14.606 0.000 2.556 17.32500
1556379988.148348093 -19.198 14.606 0.000 2.556 17.32500
1556379988.248347998 -19.963 15.057 0.000 2.556 17.32500
1556379988.348347902 -19.963 15.057 0.000 2.556 17.32500
1556379988.448348045 -20.814 15.619 0.000 2.556 17.18750
1556379988.548347950 -20.814 15.619 0.000 2.556 17.18750
1556379988.648348093 -21.578 16.181 0.000 2.556 17.18750
1556379988.748347998 -21.578 16.181 0.000 2.556 17.18750
1556379988.848347902 -22.343 16.743 0.000 2.556 17.18750
1556379988.948348045 -22.343 16.743 0.000 2.556 17.11875
1556379989.048347950 -23.193 17.306 0.000 2.556 17.11875
1556379989.148348093 -23.193 17.306 0.000 2.556 17.11875
1556379989.248347998 -24.043 17.869 0.000 2.556 17.11875
1556379989.348347902 -24.043 17.869 0.000 2.556 17.11875
1556379989.448348045 -24.808 18.431 0.000 2.556 17.11875
1556379989.548347950 -24.808 18.431 0.000 2.556 17.18750
1556379989.648348093 -25.658 18.994 0.000 2.556 17.18750
1556379989.748347998 -25.658 18.994 0.000 2.556 17.18750
1556379989.848347902 -26.509 19.557 0.000 2.556 17.25625
1556379989.948348045 -26.509 19.557 0.000 2.556 17.32500
1556379990.048347950 -27.359 20.119 0.000 2.556 17.32500
1556379990.148348093 -27.359 20.119 0.000 2.556 17.32500
1556379990.248347998 -28.209 20.682 0.000 2.556 17.39375
1556379990.348347902 -28.209 20.682 0.000 2.556 17.53125
1556379990.448348045 -28.974 21.244 0.000 2.556 17.53125
1556379990.548347950 -28.974 21.244 0.000 2.556 17.53125
1556379990.648348093 -29.909 21.808 0.000 2.556 17.66875
1556379990.748347998 -29.909 21.808 0.000 2.556 17.66875
1556379990.848347902 -30.760 22.370 0.000 2.556 17.73750
1556379990.948348045 -30.760 22.370 0.000 2.556 17.73750
1556379991.048347950 -31.609 23.044 0.000 2.556 17.80625
1556379991.148348093 -31.609 23.044 0.000 2.556 17.94375
1556379991.248347998 -32.459 23.607 0.000 2.556 18.01250
1556379991.348347902 -32.459 23.607 0.000 2.556 18.01250
1556379991.448348045 -33.309 24.170 0.000 2.556 18.15000
1556379991.548347950 -33.309 24.170 0.000 2.556 18.15000
1556379991.648348093 -34.160 24.733 0.000 2.556 18.15000
1556379991.748347998 -34.160 24.733 0.000 2.556 18.21875
1556379991.848347902 -35.094 25.407 0.000 2.556 18.35625
1556379991.948348045 -35.094 25.407 0.000 2.556 18.35625
1556379992.048347950 -35.944 25.970 0.000 2.556 18.42500
1556379992.148348093 -36.795 26.533 0.000 2.556 18.56250
1556379992.248347998 -36.795 26.533 0.000 2.556 18.56250
1556379992.348347902 -37.645 27.095 0.000 2.556 18.56250
1556379992.448348045 -37.645 27.095 0.000 2.556 18.56250
1556379992.548347950 -38.410 27.657 0.000 2.556 18.56250
1556379992.648348093 -38.410 27.657 0.000 2.556 18.56250
1556379992.748347998 -39.260 28.220 0.000 2.556 18.56250
1556379992.848347902 -39.260 28.220 0.000 2.556 18.56250
1556379992.948348045 -40.110 28.783 0.000 2.556 18.42500
1556379993.048347950 -40.110 28.783 0.000 2.556 18.35625
1556379993.148348093 -40.960 29.346 0.000 2.556 18.42500
1556379993.248347998 -41.386 29.572 0.000 2.556 18.21875
1556379993.348347902 -41.725 29.908 0.000 2.556 18.15000
1556379993.448348045 -42.575 30.471 0.000 2.556 18.15000
1556379993.548347950 -42.575 30.471 0.000 2.556 17.94375
1556379993.648348093 -43.425 31.033 0.000 2.556 17.94375
1556379993.748347998 -43.425 31.033 0.000 2.556 17.94375
1556379993.848347902 -44.191 31.484 0.000 2.556 17.87500
1556379993.948348045 -44.191 31.484 0.000 2.556 17.73750
1556379994.048347950 -45.041 32.047 0.000 2.556 17.66875
1556379994.148348093 -45.041 32.047 0.000 2.556 17.66875
1556379994.248347998 -45.806 32.609 0.000 2.556 17.60000
1556379994.348347902 -45.806 32.609 0.000 2.556 17.46250
1556379994.448348045 -46.656 33.172 0.000 2.556 17.46250
1556379994.548347950 -47.421 33.734 0.000 2.556 17.32500
1556379994.648348093 -47.421 33.734 0.000 2.556 17.32500
1556379994.748347998 -48.272 34.186 0.000 2.556 17.32500
1556379994.848347902 -48.272 34.186 0.000 2.556 17.32500
1556379994.948348045 -49.037 34.748 0.000 2.556 17.25625
1556379995.048347950 -49.037 34.748 0.000 2.556 17.32500
1556379995.148348093 -49.801 35.310 0.000 2.556 17.25625
1556379995.248347998 -49.801 35.310 0.000 2.556 17.25625
1556379995.348347902 -50.227 35.536 0.000 2.556 17.25625
1556379995.448348045 -50.652 35.872 0.000 2.556 17.25625
1556379995.548347950 -51.416 36.434 0.000 2.556 17.18750
1556379995.648348093 -51.416 36.434 0.000 2.556 17.18750
1556379995.748347998 -52.267 36.997 0.000 2.556 17.18750
1556379995.848347902 -52.267 36.997 0.000 2.556 17.18750
1556379995.948348045 -53.117 37.560 0.000 2.556 17.18750
1556379996.048347950 -53.117 37.560 0.000 2.556 17.18750
1556379996.148348093 -53.457 37.785 0.000 2.556 17.18750
1556379996.248347998 -53.882 38.011 0.000 2.556 17.18750
1556379996.348347902 -54.733 38.574 0.000 2.556 17.25625
1556379996.448348045 -54.733 38.574 0.000 2.556 17.25625
1556379996.548347950 -55.583 39.137 0.000 2.556 17.25625
1556379996.648348093 -55.583 39.137 0.000 2.556 17.25625
1556379996.748347998 -56.348 39.699 0.000 2.556 17.25625
1556379996.848347902 -56.348 39.699 0.000 2.556 17.32500
1556379996.948348045 -57.197 40.372 0.000 2.556 17.39375
1556379997.048347950 -57.197 40.372 0.000 2.556 17.39375
1556379997.148348093 -58.047 40.935 0.000 2.556 17.39375
1556379997.248347998 -58.897 41.498 0.000 2.556 17.53125
1556379997.348347902 -58.897 41.498 0.000 2.556 17.60000
1556379997.448348045 -59.747 42.061 0.000 2.556 17.60000
1556379997.548347950 -60.598 42.624 0.000 2.556 17.66875
1556379997.648348093 -60.598 42.624 0.000 2.556 17.73750
1556379997.748347998 -61.448 43.186 0.000 2.556 17.73750
1556379997.848347902 -61.448 43.186 0.000 2.556 17.87500
1556379997.948348045 -61.872 43.523 0.000 2.556 17.87500
1556379998.048347950 -62.298 43.749 0.000 2.556 17.94375
1556379998.148348093 -63.147 44.423 0.000 2.556 18.08125
1556379998.248347998 -63.147 44.423 0.000 2.556 18.08125
1556379998.348347902 -63.997 44.986 0.000 2.556 18.08125
1556379998.448348045 -63.997 44.986 0.000 2.556 18.15000
1556379998.548347950 -64.848 45.548 0.000 2.556 18.21875
1556379998.648348093 -64.848 45.548 0.000 2.556 18.21875
1556379998.748347998 -65.698 46.111 0.000 2.556 18.28750
1556379998.848347902 -65.698 46.111 0.000 2.556 18.28750
1556379998.948348045 -66.122 46.448 0.000 2.556 18.28750
1556379999.048347950 -66.547 46.785 0.000 2.556 18.28750
1556379999.148348093 -67.483 47.349 0.000 2.556 18.35625
1556379999.248347998 -67.483 47.349 0.000 2.556 18.35625
1556379999.348347902 -68.333 47.911 0.000 2.556 18.35625
1556379999.448348045 -68.333 47.911 0.000 2.556 18.42500
1556379999.548347950 -69.182 48.585 0.000 2.556 18.42500
1556379999.648348093 -69.182 48.585 0.000 2.556 18.42500
1556379999.748347998 -70.032 49.148 0.000 2.556 18.49375
1556379999.848347902 -70.032 49.148 0.000 2.556 18.49375
1556379999.948348045 -70.457 49.485 0.000 2.556 18.49375
1556380000.048347950 -70.883 49.711 0.000 2.556 18.49375
1556380000.148348093 -71.732 50.384 0.000 2.556 18.56250
1556380000.248347998 -71.732 50.384 0.000 2.556 18.56250
1556380000.348347902 -72.582 50.947 0.000 2.556 18.56250
1556380000.448348045 -72.582 50.947 0.000 2.556 18.56250
1556380000.548347950 -73.432 51.510 0.000 2.556 18.56250
1556380000.648348093 -73.432 51.510 0.000 2.556 18.56250
1556380000.748347998 -74.281 52.184 0.000 2.556 18.56250
1556380000.848347902 -75.217 52.747 0.000 2.556 18.56250
1556380000.948348045 -75.217 52.747 0.000 2.556 18.63125
1556380001.048347950 -76.066 53.421 0.000 2.556 18.63125
1556380001.148348093 -76.066 53.421 0.000 2.556 18.63125
1556380001.248347998 -76.917 53.984 0.000 2.556 18.63125
1556380001.348347902 -76.917 53.984 0.000 2.556 18.70000
1556380001.448348045 -77.766 54.658 0.000 2.556 18.70000
1556380001.548347950 -77.766 54.658 0.000 2.556 18.70000
1556380001.648348093 -78.616 55.220 0.000 2.556 18.76875
1556380001.748347998 -78.616 55.220 0.000 2.556 18.70000
1556380001.848347902 -79.465 55.894 0.000 2.556 18.76875
1556380001.948348045 -79.890 56.231 0.000 2.647 18.76875
1556380002.048347950 -80.315 56.457 0.000 2.647 18.83750
1556380002.148348093 -80.826 56.795 0.000 2.647 18.83750
1556380002.248347998 -81.250 57.132 0.000 2.647 18.83750
1556380002.348347902 -82.100 57.694 0.000 2.647 18.83750
1556380002.448348045 -82.100 57.694 0.000 2.647 18.83750
1556380002.548347950 -82.950 58.368 0.000 2.647 18.83750
1556380002.648348093 -82.950 58.368 0.000 2.647 18.83750
1556380002.748347998 -83.884 59.043 0.000 2.644 18.90625
1556380002.848347902 -83.884 59.043 0.000 2.644 18.97500
1556380002.948348045 -84.734 59.606 0.000 2.644 18.97500
1556380003.048347950 -84.734 59.606 0.000 2.644 19.04375
1556380003.148348093 -85.584 60.279 0.000 2.644 19.04375
1556380003.248347998 -85.584 60.279 0.000 2.644 18.97500
1556380003.348347902 -86.519 60.843 0.000 2.644 19.11250
1556380003.448348045 -86.519 60.843 0.000 2.644 19.11250
1556380003.548347950 -87.369 61.517 0.000 2.641 19.11250
1556380003.648348093 -87.369 61.517 0.000 2.641 19.11250
1556380003.748347998 -88.304 62.080 0.000 2.641 19.18125
1556380003.848347902 -88.304 62.080 0.000 2.641 19.18125
1556380003.948348045 -89.154 62.754 0.000 2.641 19.18125
1556380004.048347950 -89.154 62.754 0.000 2.641 19.18125
1556380004.148348093 -90.004 63.317 0.000 2.641 19.18125
1556380004.248347998 -90.004 63.317 0.000 2.641 19.18125
1556380004.348347902 -90.853 63.991 0.000 2.638 19.18125
1556380004.448348045 -90.853 63.991 0.000 2.638 19.11250
1556380004.548347950 -91.703 64.553 0.000 2.638 19.11250
1556380004.648348093 -91.703 64.553 0.000 2.638 19.11250
1556380004.748347998 -92.553 65.116 0.000 2.638 19.04375
1556380004.848347902 -92.553 65.116 0.000 2.638 18.90625
1556380004.948348045 -93.403 65.790 0.000 2.638 18.83750
1556380005.048347950 -93.403 65.790 0.000 2.638 18.83750
1556380005.148348093 -93.403 65.790 0.000 2.638 18.83750
1556380005.248347998 -94.253 66.353 0.000 2.635 18.76875
1556380005.348347902 -95.103 66.915 0.000 2.635 18.76875
1556380005.448348045 -95.103 66.915 0.000 2.635 18.70000
1556380005.548347950 -95.952 67.589 0.000 2.635 18.63125
1556380005.648348093 -95.952 67.589 0.000 2.635 18.63125
1556380005.748347998 -96.802 68.152 0.000 2.635 18.63125
1556380005.848347902 -96.802 68.152 0.000 2.635 18.63125
1556380005.948348045 -97.652 68.826 0.000 2.633 18.56250
1556380006.048347950 -97.652 68.826 0.000 2.633 18.56250
1556380006.148348093 -98.502 69.389 0.000 2.633 18.56250
1556380006.248347998 -98.502 69.389 0.000 2.633 18.56250
1556380006.348347902 -99.352 69.951 0.000 2.633 18.56250
1556380006.448348045 -99.352 69.951 0.000 2.633 18.56250
1556380006.548347950 -100.201 70.625 0.000 2.633 18.56250
1556380006.648348093 -100.201 70.625 0.000 2.633 18.56250
1556380006.748347998 -101.051 71.188 0.000 2.630 18.49375
1556380006.848347902 -101.051 71.188 0.000 2.630 18.49375
1556380006.948348045 -101.901 71.862 0.000 2.630 18.49375
1556380007.048347950 -101.901 71.862 0.000 2.630 18.49375
1556380007.148348093 -102.665 72.424 0.000 2.630 18.42500
1556380007.248347998 -102.665 72.424 0.000 2.630 18.42500
1556380007.348347902 -103.515 72.987 0.000 2.630 18.42500
1556380007.448348045 -103.515 72.987 0.000 2.630 18.35625
1556380007.548347950 -103.940 73.323 0.000 2.630 18.42500
1556380007.648348093 -104.365 73.660 0.000 2.628 18.35625
1556380007.748347998 -105.215 74.223 0.000 2.628 18.28750
1556380007.848347902 -105.215 74.223 0.000 2.628 18.35625
1556380007.948348045 -106.065 74.786 0.000 2.628 18.28750
1556380008.048347950 -106.065 74.786 0.000 2.628 18.35625
1556380008.148348093 -106.490 75.123 0.000 2.628 18.28750
1556380008.248347998 -106.829 75.459 0.000 2.628 18.21875
1556380008.348347902 -107.254 75.685 0.000 2.628 18.21875
1556380008.448348045 -107.679 76.022 0.000 2.625 18.28750
1556380008.548347950 -108.103 76.359 0.000 2.625 18.21875
1556380008.648348093 -108.529 76.584 0.000 2.625 18.21875
1556380008.748347998 -108.954 76.921 0.000 2.557 18.21875
1556380008.848347902 -109.378 77.258 0.000 2.557 18.21875
1556380008.948348045 -109.804 77.484 0.000 2.557 18.21875
1556380009.048347950 -110.228 77.821 0.000 2.557 18.21875
1556380009.148348093 -110.653 78.158 0.000 2.557 18.21875
1556380009.248347998 -111.079 78.384 0.000 2.557 18.15000
1556380009.348347902 -111.503 78.721 0.000 2.557 18.15000
1556380009.448348045 -111.842 79.057 0.000 2.557 18.15000
1556380009.548347950 -112.267 79.394 0.000 2.557 18.15000
1556380009.648348093 -112.693 79.620 0.000 2.557 18.15000
1556380009.748347998 -113.117 79.957 0.000 2.557 18.15000
1556380009.848347902 -113.542 80.293 0.000 2.557 18.15000
1556380009.948348045 -113.967 80.519 0.000 2.557 18.15000
1556380010.048347950 -114.392 80.856 0.000 2.557 18.21875
1556380010.148348093 -114.817 81.193 0.000 2.557 18.21875
1556380010.248347998 -115.242 81.419 0.000 2.557 18.21875
1556380010.348347902 -115.581 81.755 0.000 2.557 18.21875
1556380010.448348045 -116.006 82.092 0.000 2.557 18.28750
1556380010.548347950 -116.431 82.318 0.000 2.557 18.28750
1556380010.648348093 -116.856 82.655 0.000 2.557 18.35625
1556380010.748347998 -117.281 82.992 0.000 2.557 18.42500
1556380010.848347902 -117.621 83.217 0.000 2.557 18.42500
1556380010.948348045 -118.045 83.554 0.000 2.557 18.21875
1556380011.048347950 -118.471 83.780 0.000 2.557 18.21875
1556380011.148348093 -118.895 84.116 0.000 2.557 18.21875
1556380011.248347998 -119.236 84.342 0.000 2.557 18.15000
1556380011.348347902 -119.660 84.678 0.000 2.557 18.08125
1556380011.448348045 -120.086 84.904 0.000 2.557 17.94375
1556380011.548347950 -120.425 85.240 0.000 2.557 17.94375
1556380011.648348093 -121.275 85.803 0.000 2.557 17.80625
1556380011.748347998 -121.615 86.028 0.000 2.557 17.73750
1556380011.848347902 -122.040 86.365 0.000 2.557 17.80625
1556380011.948348045 -122.380 86.590 0.000 2.557 17.53125
1556380012.048347950 -123.144 87.152 0.000 2.557 17.46250
1556380012.148348093 -123.570 87.378 0.000 2.557 17.46250
1556380012.248347998 -123.909 87.714 0.000 2.557 17.18750
1556380012.348347902 -124.335 87.940 0.000 2.557 17.18750
1556380012.448348045 -124.759 88.277 0.000 2.557 17.18750
1556380012.548347950 -125.099 88.502 0.000 2.557 17.18750
1556380012.648348093 -125.525 88.728 0.000 2.557 16.98125
1556380012.748347998 -125.864 89.064 0.000 2.557 16.98125
1556380012.848347902 -126.290 89.290 0.000 2.557 16.98125
1556380012.948348045 -126.629 89.626 0.000 2.557 16.98125
1556380013.048347950 -127.054 89.852 0.000 2.557 16.77500
1556380013.148348093 -127.394 90.077 0.000 2.557 16.77500
1556380013.248347998 -128.159 90.639 0.000 2.557 16.77500
1556380013.348347902 -128.499 90.864 0.000 2.557 16.70625
1556380013.448348045 -128.924 91.201 0.000 2.557 16.70625
1556380013.548347950 -129.264 91.426 0.000 2.557 16.70625
1556380013.648348093 -129.690 91.652 0.000 2.557 16.70625
1556380013.748347998 -130.029 91.988 0.000 2.557 16.70625
1556380013.848347902 -130.369 92.214 0.000 2.557 16.63750
1556380013.948348045 -130.793 92.550 0.000 2.557 16.70625
1556380014.048347950 -131.133 92.776 0.000 2.557 16.56875
1556380014.148348093 -131.559 93.002 0.000 2.557 16.36250
1556380014.248347998 -131.898 93.338 0.000 2.557 16.50000
1556380014.348347902 -132.238 93.563 0.000 2.557 16.50000
1556380014.448348045 -132.664 93.789 0.000 2.557 16.36250
1556380014.548347950 -133.004 94.014 0.000 2.557 16.22500
1556380014.648348093 -133.343 94.350 0.000 2.557 16.29375
1556380014.748347998 -133.768 94.576 0.000 2.557 16.36250
1556380014.848347902 -134.109 94.801 0.000 2.557 16.22500
1556380014.948348045 -134.448 95.137 0.000 2.557 16.22500
1556380015.048347950 -134.873 95.363 0.000 2.557 16.22500
1556380015.148348093 -135.213 95.588 0.000 2.561 16.15625
1556380015.248347998 -135.552 95.924 0.000 2.561 16.15625
