1.538100000000000023e+01
1.515399999999999991e+01
1.461400000000000077e+01
1.453599999999999959e+01
1.482699999999999996e+01
1.470599999999999952e+01
1.494800000000000040e+01
1.478599999999999959e+01
1.502699999999999925e+01
1.486200000000000010e+01
1.507499999999999929e+01
1.488700000000000045e+01
1.438400000000000034e+01
1.433099999999999952e+01
1.464700000000000024e+01
1.455000000000000071e+01
1.481499999999999950e+01
1.467399999999999949e+01
1.491099999999999959e+01
1.474600000000000044e+01
1.496199999999999974e+01
1.477899999999999991e+01
1.428200000000000003e+01
1.423700000000000010e+01
1.455100000000000016e+01
1.445400000000000063e+01
1.469999999999999929e+01
1.454599999999999937e+01
1.476600000000000001e+01
1.458999999999999986e+01
1.476900000000000013e+01
1.456000000000000050e+01
1.404899999999999949e+01
1.397400000000000020e+01
1.423900000000000077e+01
1.410999999999999943e+01
1.432900000000000063e+01
1.416200000000000081e+01
1.432499999999999929e+01
1.411500000000000021e+01
1.426800000000000068e+01
1.405000000000000071e+01
1.394400000000000048e+01
1.394299999999999962e+01
1.389899999999999984e+01
1.389999999999999929e+01
1.375999999999999979e+01
1.368200000000000074e+01
1.349200000000000088e+01
1.339899999999999984e+01
1.331399999999999935e+01
1.322299999999999969e+01
1.311300000000000026e+01
1.310899999999999999e+01
1.312999999999999972e+01
1.306199999999999939e+01
1.283200000000000074e+01
1.292699999999999960e+01
1.267099999999999937e+01
1.274900000000000055e+01
1.288399999999999999e+01
1.295400000000000063e+01
1.280599999999999916e+01
1.298099999999999987e+01
1.281300000000000061e+01
1.297100000000000009e+01
1.278999999999999915e+01
1.293099999999999916e+01
1.273600000000000065e+01
1.284500000000000064e+01
1.262599999999999945e+01
1.215199999999999925e+01
1.207799999999999940e+01
1.231499999999999950e+01
1.221000000000000085e+01
1.211400000000000077e+01
1.203100000000000058e+01
1.225699999999999967e+01
1.214600000000000080e+01
1.233999999999999986e+01
1.220100000000000051e+01
1.180199999999999960e+01
1.180700000000000038e+01
1.209699999999999953e+01
1.203999999999999915e+01
1.227599999999999980e+01
1.217200000000000060e+01
1.239300000000000068e+01
1.227500000000000036e+01
1.244800000000000040e+01
1.229100000000000037e+01
1.245599999999999952e+01
1.229199999999999982e+01
1.245299999999999940e+01
1.228500000000000014e+01
1.244200000000000017e+01
1.227100000000000080e+01
1.242300000000000004e+01
1.225000000000000000e+01
1.237500000000000000e+01
1.217999999999999972e+01
1.173700000000000010e+01
1.168800000000000061e+01
1.192600000000000016e+01
1.183300000000000018e+01
1.203500000000000014e+01
1.190900000000000070e+01
1.208699999999999974e+01
1.200700000000000074e+01
1.200599999999999916e+01
1.209200000000000053e+01
1.163400000000000034e+01
1.153700000000000081e+01
1.175200000000000067e+01
1.164400000000000013e+01
1.182900000000000063e+01
1.197000000000000064e+01
1.189900000000000020e+01
1.191399999999999970e+01
1.183599999999999959e+01
1.184699999999999953e+01
1.171600000000000037e+01
1.166800000000000033e+01
1.159999999999999964e+01
1.150900000000000034e+01
1.172899999999999920e+01
1.191499999999999915e+01
1.154700000000000060e+01
1.186500000000000021e+01
1.199600000000000044e+01
1.181600000000000072e+01
1.139199999999999946e+01
1.136100000000000065e+01
1.163299999999999912e+01
1.157300000000000040e+01
1.181400000000000006e+01
1.200099999999999945e+01
1.215300000000000047e+01
1.198399999999999999e+01
1.214199999999999946e+01
1.197799999999999976e+01
1.176400000000000006e+01
1.176100000000000030e+01
1.178599999999999994e+01
1.178500000000000014e+01
1.174699999999999989e+01
1.182299999999999933e+01
1.199000000000000057e+01
1.197600000000000051e+01
1.210099999999999980e+01
1.222999999999999936e+01
1.211800000000000033e+01
1.215799999999999947e+01
1.217200000000000060e+01
1.214799999999999969e+01
1.221200000000000010e+01
1.225000000000000071e+01
1.228700000000000010e+01
1.232099999999999937e+01
1.235100000000000016e+01
1.235899999999999928e+01
1.234499999999999993e+01
1.232899999999999991e+01
1.230800000000000018e+01
1.234699999999999989e+01
1.247499999999999964e+01
1.254299999999999926e+01
1.229899999999999949e+01
1.240900000000000070e+01
1.220199999999999996e+01
1.234399999999999942e+01
1.247100000000000009e+01
1.256700000000000017e+01
1.244899999999999913e+01
1.230500000000000007e+01
1.233799999999999955e+01
1.238400000000000070e+01
1.241699999999999946e+01
1.238900000000000041e+01
1.234699999999999953e+01
1.247499999999999964e+01
1.227999999999999936e+01
1.243299999999999983e+01
1.247100000000000044e+01
1.241399999999999970e+01
1.245399999999999956e+01
1.240899999999999963e+01
1.248900000000000077e+01
1.239199999999999946e+01
1.240899999999999999e+01
1.249899999999999963e+01
1.249199999999999967e+01
1.266699999999999918e+01
1.267999999999999943e+01
1.267600000000000037e+01
1.268799999999999919e+01
1.268199999999999925e+01
1.278300000000000018e+01
1.276300000000000047e+01
1.281300000000000040e+01
1.285499999999999979e+01
1.277900000000000063e+01
1.301099999999999959e+01
1.311999999999999922e+01
1.316299999999999919e+01
1.326600000000000037e+01
1.350200000000000067e+01
1.371199999999999974e+01
1.355400000000000027e+01
1.378400000000000070e+01
1.364000000000000057e+01
1.388000000000000078e+01
1.374099999999999966e+01
1.398300000000000054e+01
1.384200000000000053e+01
1.409800000000000075e+01
1.396499999999999986e+01
1.422400000000000020e+01
1.409200000000000053e+01
1.434800000000000075e+01
1.421000000000000085e+01
1.445899999999999963e+01
1.431300000000000061e+01
1.457000000000000028e+01
1.442800000000000082e+01
1.466799999999999926e+01
1.451099999999999923e+01
1.475399999999999956e+01
1.459600000000000009e+01
1.485100000000000087e+01
1.469999999999999929e+01
1.466199999999999974e+01
1.461400000000000006e+01
1.467499999999999929e+01
1.465499999999999936e+01
1.474300000000000033e+01
1.477000000000000171e+01
1.482399999999999878e+01
1.495299999999999940e+01
1.492300000000000040e+01
1.500599999999999952e+01
1.510300000000000153e+01
1.518599999999999923e+01
1.522200000000000131e+01
1.516600000000000108e+01
1.526999999999999957e+01
1.529299999999999855e+01
1.537799999999999869e+01
1.546900000000000119e+01
1.546000000000000043e+01
1.548299999999999983e+01
1.550299999999999940e+01
1.550200000000000102e+01
1.557000000000000171e+01
1.558100000000000023e+01
1.555899999999999892e+01
1.556400000000000077e+01
1.553899999999999935e+01
1.557300000000000111e+01
1.583499999999999872e+01
1.608000000000000043e+01
1.600800000000000125e+01
1.603399999999999963e+01
1.606000000000000014e+01
1.600000000000000000e+01
1.605300000000000011e+01
1.603200000000000003e+01
1.603699999999999832e+01
1.607800000000000153e+01
