-6.158189251198191926e+01
-6.158648407099312180e+01
-6.158648407099312180e+01
-6.158918829148751342e+01
-6.158730095297072381e+01
-6.156270939395951416e+01
-6.158918829148751342e+01
-6.157107563000432435e+01
-6.159755452753232362e+01
-6.157214608654352617e+01
-6.158755452753232362e+01
-6.157025874802672945e+01
-6.159296296852112107e+01
-6.158485030703793200e+01
-6.158025874802672945e+01
-6.159296296852112107e+01
-6.158755452753232362e+01
-6.158214608654352617e+01
-6.158025874802672945e+01
-6.158566718901552690e+01
-6.157918829148751342e+01
-6.158730095297072381e+01
-6.158270939395951416e+01
-6.158189251198191926e+01
-6.158755452753232362e+01
-6.158673764555472161e+01
-6.157403342506033709e+01
-6.158403342506033709e+01
-6.157862498407153254e+01
-6.158592076357712671e+01
-6.158403342506033709e+01
-6.153873764555472161e+01
-6.157944186604912744e+01
-6.158025874802672945e+01
-6.158214608654352617e+01
-6.190314186604912744e+01
-6.183081654308274219e+01
-6.215020388159953180e+01
-6.218780810209393763e+01
-6.233780810209393763e+01
-6.250969544061074146e+01
-6.256699122011634273e+01
-6.268158277912754528e+01
-6.291076589714995038e+01
-6.313994901517235547e+01
-6.336913213319476057e+01
-6.342642791270035474e+01
-6.381138570775636748e+01
-6.398586460528437385e+01
-6.413046038478996802e+01
-6.434316038478996802e+01
-6.440045616429557640e+01
-6.468693506182357567e+01
-6.503070973885718331e+01
-6.520259707737398003e+01
-6.520885065193560115e+01
-6.543392110847480296e+01
-6.559127890353081571e+01
-6.610235358056442335e+01
-6.633713247809243683e+01
-6.676031559611484192e+01
-6.689549871413724702e+01
-6.690361137562043609e+01
-6.713820293463162443e+01
-6.744009027314843536e+01
-6.759656917067644883e+01
-6.781575228869885393e+01
-6.807059742227166339e+01
-6.812896365831647358e+01
-6.853003411485567540e+01
-6.891651301238368887e+01
-6.910299190991168814e+01
-6.948947080743970162e+01
-6.961972438200130853e+01
-7.007809061804611872e+01
-7.065104841310213146e+01
-7.070834419260772563e+01
-7.093859776716933254e+01
-7.173966822370854857e+01
-7.257099225480935729e+01
-7.395854160887657258e+01
-7.437420362442699115e+01
-7.537527408096619297e+01
-7.569200655305581336e+01
-7.586496434811182610e+01
-7.655251370217902718e+01
-7.701087993822383737e+01
-7.796924617426864756e+01
-7.881302085130225521e+01
-8.024434488240307815e+01
-8.153189423647027922e+01
-8.307888028312152073e+01
-8.405290853471673529e+01
-8.525611990433434073e+01
-8.600096503790716440e+01
-8.708958484851359572e+01
-8.777713420258079680e+01
-8.943871180824324085e+01
-9.047003583934403537e+01
-9.167324720896166923e+01
-9.247538812204010128e+01
-9.322023325561291074e+01
-9.465262774325290707e+01
-9.608502223089296024e+01
-9.700175470298256641e+01
-9.809037451358898352e+01
-9.877792386765619881e+01
-9.975195211925141336e+01
-1.021540930323298312e+02
-1.024124592683746272e+02
-1.025135297249138574e+02
-1.028718959609586676e+02
-1.030178115510706789e+02
-1.041064313616770960e+02
-1.048512764952499197e+02
-1.059398963058563368e+02
-1.070285161164627539e+02
-1.078306570295411575e+02
-1.084036148245971845e+02
-1.090338683991587914e+02
-1.094922346352036016e+02
-1.100078966507539917e+02
-1.110965164613604230e+02
-1.125862067285060562e+02
-1.135602349801012707e+02
-1.141331927751572834e+02
-1.148207421292244987e+02
-1.157947703808196991e+02
-1.164823197348869286e+02
-1.173417564274709406e+02
-1.179147142225269249e+02
-1.184876720175829661e+02
-1.197481791667061799e+02
-1.206076158592901919e+02
-1.211805736543462189e+02
-1.224410808034694469e+02
-1.232432217165478363e+02
-1.242172499681430651e+02
-1.248475035427046720e+02
-1.257069402352886982e+02
-1.262798980303447109e+02
-1.268528558254007095e+02
-1.274831093999623306e+02
-1.291446870056247747e+02
-1.300041236982087867e+02
-1.307489688317815819e+02
-1.313219266268375804e+02
-1.317802928628823906e+02
-1.325251379964552143e+02
-1.330980957915112128e+02
-1.340721240431064416e+02
-1.352753354127240755e+02
-1.361347721053080875e+02
-1.370515045773977079e+02
-1.383120117265209217e+02
-1.392287441986105421e+02
-1.400600682297113508e+02
-1.407330260247673777e+02
-1.417070542763625781e+02
-1.419518994099354018e+02
-1.424529698664746036e+02
-1.428821529844970087e+02
-1.429832234410362105e+02
-1.431842938975754123e+02
-1.444010263696650327e+02
-1.444885757237322480e+02
-1.448469419597770582e+02
-1.449480124163162600e+02
-1.452344913138442735e+02
-1.455209702113722869e+02
-1.458209702113722869e+02
-1.460793364474170971e+02
-1.465804069039562989e+02
-1.471512237859338939e+02
-1.475939280064282855e+02
-1.476939280064282855e+02
-1.478220406679114888e+02
-1.479647448884059088e+02
-1.483647448884059088e+02
-1.484793364474170971e+02
-1.482501533293946636e+02
-1.481928575498890837e+02
-1.485366322269227055e+02
-1.484793364474170971e+02
-1.484220406679114888e+02
-1.481928575498890837e+02
-1.480782659908778953e+02
-1.480782659908778953e+02
-1.481355617703834753e+02
-1.489636744318666786e+02
-1.489063786523610702e+02
-1.487344913138442735e+02
-1.486198997548330851e+02
-1.488344913138442735e+02
-1.488490828728554902e+02
-1.488626039753274483e+02
-1.488334208573050716e+02
-1.487917870933498534e+02
-1.488209702113722869e+02
-1.488647448884059088e+02
-1.487939280064282855e+02
-1.488793364474170971e+02
-1.488220406679114888e+02
-1.4881928575498890837e+02
-1.488209702113722869e+02
-1.488074491089003004e+02
-1.488366322269227055e+02
-1.488220406679114888e+02
-1.488647448884059088e+02
-1.488647448884059088e+02
-1.488647448884059088e+02
-1.488220406679114888e+02
-1.488793364474170971e+02
-1.488366322269227055e+02
-1.488366322269227055e+02
-1.488804069039562989e+02
-1.488522942424730957e+02
-1.488387731400011091e+02
-1.488106604785179059e+02
-1.488225478170347310e+02
-1.488398435965403110e+02
-1.488171393760459193e+02
-1.488544351555514993e+02
-1.488263224940683244e+02
-1.488409140530795128e+02
-1.488836182735739044e+02
-1.488836182735739044e+02
-1.488409140530795128e+02
-1.488982098325851211e+02
-1.488971393760459193e+02
-1.488106604785179059e+02
-1.487971393760459193e+02
-1.488690267145627161e+02
-1.494846887301131346e+02
-1.495576465251691332e+02
-1.498868296431915667e+02
-1.500160127612139433e+02
-1.501733085407195517e+02
-1.501824916587419568e+02
-1.502043789972587251e+02
-1.504889705562699703e+02
-1.505035621152811586e+02
-1.506608578947867670e+02
-1.507481536742923470e+02
-1.507451958792363484e+02
-1.507487169817083350e+02
-1.507433085407195517e+02
-1.507479000997307401e+02
-1.507524916587419568e+02
-1.507470832177531452e+02
-1.507479000997307401e+02
-1.507433085407195517e+02
-1.507424916587419568e+02
-1.507470832177531452e+02
-1.507451958792363484e+02
-1.507479000997307401e+02
-1.507397874382475368e+02
-1.507416747767643619e+02
-1.507416747767643619e+02
-1.507408578947867670e+02
-1.507454494537979554e+02
-1.507408578947867670e+02
-1.507435621152811586e+02
-1.507416747767643619e+02
-1.507443789972587251e+02
-1.507424916587419568e+02
-1.507451958792363484e+02
-1.506306043202251601e+02
-1.505733085407195517e+02
