1555327686.228728771 0.735 -6.542 -1.747 -1.111
1555327686.328791142 0.834 -6.858 -1.731 -1.110
1555327686.428738356 0.958 -7.206 -1.676 -1.107
1555327686.528772116 1.141 -7.508 -1.667 -1.071
1555327686.628782511 1.331 -7.781 -1.678 -1.035
1555327686.728826761 1.541 -8.086 -1.675 -0.998
1555327686.828731537 1.718 -8.351 -1.662 -0.963
1555327686.928798676 1.898 -8.634 -1.660 -0.928
1555327687.028801680 2.151 -8.968 -1.617 -0.913
1555327687.128776073 2.380 -9.289 -1.617 -0.899
1555327687.228727579 2.603 -9.605 -1.648 -0.885
1555327687.328837395 2.841 -9.956 -1.648 -0.871
1555327687.428768635 3.082 -10.263 -1.625 -0.857
1555327687.528869390 3.355 -10.565 -1.624 -0.819
1555327687.628747702 3.643 -10.904 -1.657 -0.781
1555327687.728862047 3.919 -11.235 -1.636 -0.744
1555327687.828770399 4.212 -11.562 -1.598 -0.707
1555327687.928862333 4.518 -11.873 -1.570 -0.669
1555327688.028703690 4.892 -12.182 -1.512 -0.629
1555327688.128743649 5.231 -12.459 -1.512 -0.590
1555327688.228778362 5.596 -12.754 -1.526 -0.550
1555327688.328765154 5.945 -13.018 -1.521 -0.511
1555327688.428765774 6.303 -13.287 -1.481 -0.472
1555327688.528752565 6.694 -13.532 -1.444 -0.462
1555327688.628729820 7.108 -13.775 -1.457 -0.449
1555327688.728870630 7.499 -13.992 -1.469 -0.439
1555327688.828766823 7.900 -14.212 -1.456 -0.429
1555327688.928778648 8.342 -14.442 -1.409 -0.417
1555327689.028804779 8.751 -14.628 -1.390 -0.418
1555327689.128874302 9.188 -14.831 -1.358 -0.417
1555327689.228876829 9.609 -15.009 -1.330 -0.417
1555327689.328744650 10.041 -15.188 -1.325 -0.417
1555327689.428688288 10.477 -15.361 -1.330 -0.417
1555327689.528877974 10.910 -15.534 -1.353 -0.418
1555327689.628777742 11.323 -15.684 -1.374 -0.418
1555327689.728789330 11.750 -15.843 -1.373 -0.419
1555327689.828879118 12.227 -16.023 -1.363 -0.417
1555327689.928714037 12.675 -16.177 -1.360 -0.417
1555327690.028795481 13.058 -16.333 -1.377 -0.408
1555327690.128733635 13.495 -16.500 -1.385 -0.395
1555327690.228744268 13.903 -16.642 -1.377 -0.385
1555327690.328930855 14.314 -16.766 -1.378 -0.374
1555327690.428725004 14.775 -16.887 -1.399 -0.360
1555327690.528831720 15.159 -17.054 -1.448 -0.358
1555327690.628780842 15.549 -17.216 -1.492 -0.355
1555327690.728748322 15.979 -17.367 -1.522 -0.351
1555327690.828864813 16.363 -17.487 -1.545 -0.349
1555327690.928746462 16.747 -17.596 -1.574 -0.347
1555327691.028753996 17.165 -17.779 -1.596 -0.352
1555327691.128817797 17.539 -17.944 -1.618 -0.359
1555327691.228770494 17.911 -18.091 -1.630 -0.368
1555327691.328727722 18.327 -18.228 -1.633 -0.374
1555327691.428680897 18.700 -18.370 -1.633 -0.384
1555327691.528884411 19.069 -18.592 -1.653 -0.443
1555327691.628779888 19.482 -18.817 -1.672 -0.501
1555327691.728719711 19.839 -19.032 -1.690 -0.563
1555327691.828774929 20.191 -19.242 -1.712 -0.627
1555327691.928777218 20.508 -19.525 -1.715 -0.655
1555327692.028703451 20.855 -19.761 -1.725 -0.681
1555327692.128800869 21.153 -20.011 -1.735 -0.710
1555327692.228739023 21.441 -20.249 -1.750 -0.741
1555327692.328883410 21.757 -20.505 -1.763 -0.773
1555327692.428780317 22.027 -20.777 -1.771 -0.807
1555327692.528872490 22.342 -21.117 -1.785 -0.831
1555327692.628891230 22.681 -21.498 -1.794 -0.858
1555327692.728834152 22.974 -21.816 -1.783 -0.886
1555327692.828791142 23.261 -22.181 -1.776 -0.916
1555327692.928715706 23.564 -22.574 -1.786 -0.949
1555327693.028882742 23.840 -22.910 -1.798 -0.961
1555327693.128880501 24.124 -23.267 -1.806 -0.975
1555327693.228849888 24.355 -23.612 -1.807 -0.991
1555327693.328880787 24.569 -23.973 -1.809 -1.008
1555327693.428758144 24.789 -24.367 -1.798 -1.028
1555327693.528880835 25.072 -24.738 -1.802 -1.045
1555327693.628911495 25.328 -25.105 -1.802 -1.064
1555327693.728767633 25.577 -25.523 -1.794 -1.086
1555327693.828875065 25.796 -25.910 -1.790 -1.105
1555327693.928880215 25.999 -26.321 -1.803 -1.125
1555327694.028857470 26.259 -26.737 -1.806 -1.142
1555327694.128810644 26.486 -27.136 -1.816 -1.157
1555327694.228863716 26.702 -27.545 -1.825 -1.173
1555327694.328753233 26.906 -27.997 -1.809 -1.192
1555327694.428865194 27.089 -28.441 -1.811 -1.209
1555327694.528776407 27.288 -28.868 -1.824 -1.220
1555327694.628864527 27.478 -29.347 -1.821 -1.233
1555327694.728749037 27.652 -29.788 -1.806 -1.244
1555327694.828813076 27.812 -30.257 -1.804 -1.255
1555327694.928910971 27.970 -30.771 -1.819 -1.267
1555327695.028822422 28.115 -31.243 -1.836 -1.287
1555327695.128927708 28.243 -31.731 -1.841 -1.308
1555327695.228698492 28.360 -32.272 -1.840 -1.330
1555327695.328701735 28.477 -32.781 -1.855 -1.350
1555327695.428753138 28.577 -33.300 -1.877 -1.369
1555327695.528761625 28.659 -33.876 -1.883 -1.401
1555327695.628742933 28.720 -34.422 -1.880 -1.430
1555327695.728786230 28.775 -34.967 -1.876 -1.460
1555327695.828748703 28.813 -35.527 -1.891 -1.490
1555327695.928808451 28.827 -36.142 -1.907 -1.522
1555327696.028702259 28.802 -36.673 -1.918 -1.552
1555327696.128912210 28.760 -37.263 -1.930 -1.585
1555327696.228843451 28.733 -37.812 -1.943 -1.613
1555327696.328882694 28.697 -38.371 -1.948 -1.641
1555327696.428901672 28.638 -38.990 -1.936 -1.672
1555327696.528774261 28.557 -39.544 -1.942 -1.694
1555327696.628750324 28.464 -40.105 -1.959 -1.716
1555327696.728753567 28.358 -40.727 -1.973 -1.739
1555327696.828719139 28.265 -41.303 -1.984 -1.759
1555327696.928773642 28.166 -41.884 -2.010 -1.779
1555327697.028750658 28.103 -42.430 -2.024 -1.762
1555327697.128837585 28.013 -43.030 -2.041 -1.746
1555327697.228840351 27.935 -43.577 -2.055 -1.728
1555327697.328761101 27.838 -44.186 -2.065 -1.711
1555327697.428876638 27.763 -44.744 -2.063 -1.691
1555327697.528833628 27.765 -45.311 -2.074 -1.675
1555327697.628782034 27.754 -45.877 -2.076 -1.660
1555327697.728760958 27.707 -46.494 -2.073 -1.646
1555327697.828745842 27.673 -47.070 -2.077 -1.631
1555327697.928771973 27.627 -47.644 -2.092 -1.615
1555327698.028780937 27.678 -48.260 -2.086 -1.596
1555327698.128766298 27.743 -48.821 -2.073 -1.575
1555327698.228745699 27.794 -49.398 -2.069 -1.554
1555327698.328879595 27.812 -50.033 -2.069 -1.535
1555327698.428830385 27.840 -50.627 -2.071 -1.514
1555327698.528749466 27.923 -51.171 -2.080 -1.506
1555327698.628774643 27.983 -51.779 -2.086 -1.499
1555327698.728716612 28.078 -52.350 -2.089 -1.488
1555327698.828719854 28.218 -52.933 -2.087 -1.474
1555327698.928826809 28.380 -53.592 -2.063 -1.457
1555327699.028895855 28.483 -54.161 -2.051 -1.456
1555327699.128775597 28.612 -54.744 -2.035 -1.453
1555327699.228880167 28.708 -55.343 -2.022 -1.447
1555327699.328779459 28.834 -56.002 -2.021 -1.438
1555327699.428903103 29.003 -56.604 -2.062 -1.426
1555327699.528845310 29.084 -57.138 -2.073 -1.430
1555327699.628801346 29.204 -57.743 -2.093 -1.431
1555327699.728714228 29.284 -58.300 -2.095 -1.431
1555327699.828893185 29.386 -58.870 -2.088 -1.429
1555327699.928888083 29.512 -59.496 -2.053 -1.426
1555327700.028692484 29.603 -60.066 -2.055 -1.418
1555327700.128892660 29.709 -60.640 -2.057 -1.409
1555327700.228902578 29.836 -61.279 -2.058 -1.400
1555327700.328766584 29.946 -61.865 -2.068 -1.392
1555327700.428898096 30.072 -62.448 -2.085 -1.384
1555327700.528876543 30.164 -63.036 -2.084 -1.382
1555327700.628684998 30.277 -63.689 -2.096 -1.379
1555327700.728835106 30.376 -64.287 -2.119 -1.377
1555327700.828763008 30.490 -64.952 -2.136 -1.376
1555327700.928722620 30.573 -65.570 -2.119 -1.376
1555327701.028848171 30.691 -66.176 -2.139 -1.386
1555327701.128886938 30.800 -66.789 -2.143 -1.396
1555327701.228777647 30.917 -67.468 -2.144 -1.407
