1555327686.228728771 0.735 -6.542 0.000 -1.111 0.000
1555327686.328791142 0.832 -6.852 0.291 -1.111 0.000
1555327686.428738356 0.953 -7.146 2.628 -1.111 -0.001
1555327686.528772116 1.120 -7.478 3.333 -1.111 0.002
1555327686.628782511 1.288 -7.779 3.536 -1.091 0.044
1555327686.728826761 1.486 -8.087 3.688 -1.030 0.135
1555327686.828731537 1.686 -8.354 3.753 -0.959 0.208
1555327686.928798676 1.887 -8.625 3.811 -0.927 0.219
1555327687.028801680 2.132 -8.943 3.922 -0.904 0.221
1555327687.128776073 2.369 -9.263 4.011 -0.911 0.203
1555327687.228727579 2.595 -9.581 4.080 -0.935 0.182
1555327687.328837395 2.828 -9.926 4.163 -0.965 0.163
1555327687.428768635 3.064 -10.244 4.226 -0.927 0.170
1555327687.528869390 3.333 -10.550 4.288 -0.859 0.190
1555327687.628747702 3.620 -10.878 4.373 -0.839 0.190
1555327687.728862047 3.908 -11.213 4.429 -0.835 0.173
1555327687.828770399 4.204 -11.547 4.466 -0.827 0.159
1555327687.928862333 4.510 -11.868 4.482 -0.806 0.168
1555327688.028703690 4.855 -12.174 4.529 -0.754 0.237
1555327688.128743649 5.209 -12.462 4.546 -0.703 0.291
1555327688.228778362 5.573 -12.745 4.570 -0.661 0.313
1555327688.328765154 5.938 -13.016 4.575 -0.626 0.319
1555327688.428765774 6.306 -13.281 4.576 -0.600 0.310
1555327688.528752565 6.688 -13.531 4.580 -0.567 0.313
1555327688.628729820 7.087 -13.768 4.592 -0.531 0.320
1555327688.728870630 7.490 -13.992 4.596 -0.496 0.323
1555327688.828766823 7.896 -14.206 4.599 -0.465 0.321
1555327688.928778648 8.315 -14.417 4.613 -0.437 0.317
1555327689.028804779 8.738 -14.612 4.620 -0.408 0.313
1555327689.128874302 9.167 -14.803 4.630 -0.383 0.307
1555327689.228876829 9.598 -14.983 4.637 -0.359 0.300
1555327689.328744650 10.032 -15.156 4.643 -0.337 0.291
1555327689.428688288 10.469 -15.323 4.650 -0.317 0.282
1555327689.528877974 10.909 -15.487 4.655 -0.301 0.269
1555327689.628777742 11.343 -15.643 4.652 -0.286 0.257
1555327689.728789330 11.778 -15.796 4.648 -0.274 0.242
1555327689.828879118 12.222 -15.953 4.655 -0.267 0.225
1555327689.928714037 12.667 -16.106 4.663 -0.261 0.208
1555327690.028795481 13.101 -16.262 4.656 -0.260 0.187
1555327690.128733635 13.534 -16.421 4.650 -0.263 0.164
1555327690.228744268 13.962 -16.576 4.637 -0.266 0.144
1555327690.328930855 14.386 -16.722 4.619 -0.267 0.128
1555327690.428725004 14.817 -16.858 4.609 -0.263 0.118
1555327690.528831720 15.238 -17.006 4.590 -0.268 0.101
1555327690.628780842 15.648 -17.160 4.565 -0.278 0.080
1555327690.728748322 16.060 -17.315 4.545 -0.287 0.061
1555327690.828864813 16.466 -17.462 4.517 -0.293 0.048
1555327690.928746462 16.865 -17.599 4.482 -0.296 0.040
1555327691.028753996 17.263 -17.750 4.456 -0.305 0.026
1555327691.128817797 17.653 -17.909 4.426 -0.319 0.009
1555327691.228770494 18.036 -18.068 4.392 -0.332 -0.006
1555327691.328727722 18.423 -18.221 4.365 -0.341 -0.015
1555327691.428680897 18.804 -18.374 4.336 -0.350 -0.022
1555327691.528884411 19.177 -18.551 4.309 -0.370 -0.041
1555327691.628779888 19.552 -18.747 4.296 -0.396 -0.064
1555327691.728719711 19.918 -18.956 4.282 -0.426 -0.089
1555327691.828774929 20.276 -19.174 4.266 -0.458 -0.113
1555327691.928777218 20.616 -19.423 4.248 -0.503 -0.148
1555327692.028703451 20.949 -19.677 4.232 -0.546 -0.178
1555327692.128800869 21.267 -19.943 4.211 -0.591 -0.207
1555327692.228739023 21.569 -20.211 4.183 -0.635 -0.231
1555327692.328883410 21.865 -20.484 4.158 -0.677 -0.250
1555327692.428780317 22.145 -20.766 4.131 -0.720 -0.270
1555327692.528872490 22.420 -21.070 4.120 -0.767 -0.291
1555327692.628891230 22.695 -21.402 4.135 -0.818 -0.312
1555327692.728834152 22.966 -21.737 4.152 -0.862 -0.326
1555327692.828791142 23.231 -22.088 4.178 -0.907 -0.337
1555327692.928715706 23.494 -22.457 4.217 -0.949 -0.344
1555327693.028882742 23.756 -22.824 4.253 -0.982 -0.342
1555327693.128880501 24.020 -23.194 4.289 -1.008 -0.332
1555327693.228849888 24.271 -23.566 4.315 -1.031 -0.322
1555327693.328880787 24.509 -23.942 4.332 -1.055 -0.313
1555327693.428758144 24.735 -24.328 4.351 -1.081 -0.307
1555327693.528880835 24.974 -24.712 4.372 -1.094 -0.288
1555327693.628911495 25.217 -25.094 4.391 -1.101 -0.265
1555327693.728767633 25.460 -25.485 4.417 -1.106 -0.243
1555327693.828875065 25.696 -25.880 4.438 -1.112 -0.223
1555327693.928880215 25.920 -26.283 4.459 -1.121 -0.210
1555327694.028857470 26.154 -26.690 4.485 -1.125 -0.191
1555327694.128810644 26.386 -27.097 4.508 -1.126 -0.172
1555327694.228863716 26.614 -27.507 4.530 -1.128 -0.155
1555327694.328753233 26.832 -27.930 4.557 -1.134 -0.146
1555327694.428865194 27.038 -28.363 4.585 -1.146 -0.142
1555327694.528776407 27.239 -28.798 4.610 -1.156 -0.139
1555327694.628864527 27.433 -29.247 4.643 -1.171 -0.139
1555327694.728749037 27.618 -29.698 4.671 -1.186 -0.140
1555327694.828813076 27.791 -30.160 4.701 -1.205 -0.145
1555327694.928910971 27.951 -30.638 4.740 -1.228 -0.153
1555327695.028822422 28.102 -31.120 4.776 -1.251 -0.162
1555327695.128927708 28.239 -31.610 4.810 -1.277 -0.172
1555327695.228698492 28.360 -32.115 4.855 -1.307 -0.185
1555327695.328701735 28.471 -32.628 4.899 -1.336 -0.195
1555327695.428753138 28.571 -33.148 4.943 -1.365 -0.205
1555327695.528761625 28.655 -33.685 4.998 -1.397 -0.216
1555327695.628742933 28.722 -34.230 5.054 -1.430 -0.227
1555327695.728786230 28.776 -34.781 5.108 -1.462 -0.237
1555327695.828748703 28.814 -35.339 5.163 -1.495 -0.245
1555327695.928808451 28.834 -35.915 5.230 -1.529 -0.254
1555327696.028702259 28.828 -36.486 5.285 -1.566 -0.265
1555327696.128912210 28.798 -37.067 5.343 -1.605 -0.278
1555327696.228843451 28.756 -37.644 5.393 -1.641 -0.285
1555327696.328882694 28.706 -38.219 5.438 -1.671 -0.287
1555327696.428901672 28.642 -38.807 5.493 -1.700 -0.286
1555327696.528774261 28.563 -39.389 5.539 -1.728 -0.284
1555327696.628750324 28.470 -39.969 5.580 -1.755 -0.281
1555327696.728753567 28.363 -40.559 5.629 -1.779 -0.276
1555327696.828719139 28.253 -41.149 5.674 -1.799 -0.266
1555327696.928773642 28.140 -41.740 5.715 -1.813 -0.252
1555327697.028750658 28.039 -42.324 5.741 -1.819 -0.229
1555327697.128837585 27.941 -42.915 5.769 -1.820 -0.203
1555327697.228840351 27.849 -43.500 5.785 -1.816 -0.176
1555327697.328761101 27.757 -44.091 5.806 -1.810 -0.149
1555327697.428876638 27.672 -44.678 5.817 -1.801 -0.121
1555327697.528833628 27.621 -45.266 5.818 -1.778 -0.082
1555327697.628782034 27.593 -45.852 5.813 -1.748 -0.039
1555327697.728760958 27.571 -46.445 5.817 -1.719 -0.001
1555327697.828745842 27.555 -47.036 5.819 -1.691 0.031
1555327697.928771973 27.539 -47.623 5.819 -1.666 0.055
1555327698.028780937 27.557 -48.219 5.825 -1.632 0.089
1555327698.128766298 27.605 -48.808 5.823 -1.591 0.125
1555327698.228745699 27.669 -49.394 5.820 -1.549 0.158
1555327698.328879595 27.733 -49.988 5.831 -1.515 0.179
1555327698.428830385 27.797 -50.581 5.845 -1.487 0.191
1555327698.528749466 27.878 -51.164 5.847 -1.457 0.203
1555327698.628774643 27.962 -51.750 5.856 -1.432 0.208
1555327698.728716612 28.059 -52.333 5.861 -1.407 0.212
1555327698.828719854 28.181 -52.913 5.869 -1.378 0.221
1555327698.928826809 28.327 -53.508 5.896 -1.346 0.232
1555327699.028895855 28.470 -54.097 5.915 -1.322 0.232
1555327699.128775597 28.616 -54.684 5.933 -1.303 0.228
1555327699.228880167 28.750 -55.275 5.949 -1.293 0.213
1555327699.328779459 28.882 -55.881 5.980 -1.289 0.193
1555327699.428903103 29.030 -56.489 6.011 -1.282 0.178
1555327699.528845310 29.159 -57.084 6.020 -1.284 0.155
1555327699.628801346 29.283 -57.683 6.030 -1.290 0.130
1555327699.728714228 29.390 -58.276 6.027 -1.302 0.101
1555327699.828893185 29.492 -58.867 6.018 -1.316 0.074
1555327699.928888083 29.595 -59.464 6.020 -1.329 0.050
1555327700.028692484 29.690 -60.056 6.015 -1.344 0.027
1555327700.128892660 29.784 -60.646 6.007 -1.357 0.008
1555327700.228902578 29.882 -61.246 6.013 -1.369 -0.006
1555327700.328766584 29.981 -61.842 6.017 -1.378 -0.016
1555327700.428898096 30.087 -62.437 6.019 -1.383 -0.020
1555327700.528876543 30.185 -63.030 6.020 -1.390 -0.026
1555327700.628684998 30.285 -63.636 6.035 -1.397 -0.031
1555327700.728835106 30.382 -64.243 6.047 -1.403 -0.034
1555327700.828763008 30.481 -64.862 6.074 -1.409 -0.036
1555327700.928722620 30.573 -65.484 6.100 -1.416 -0.040
1555327701.028848171 30.673 -66.105 6.121 -1.418 -0.039
1555327701.128886938 30.776 -66.725 6.141 -1.419 -0.035
1555327701.228777647 30.882 -67.359 6.175 -1.419 -0.030
